51.75
40.25
22
43
76.33333333
87
48.33333333
17.16666667
8.75
3
1
0
0
0
13
8.4
7.545454545
0.333333333
0.206896552
1.8
3
0
0
0
0
5
4
3.666666667
4
46.13333333
3.666666667
0
33.8
16.75
0
0
0
0
0
0
3
0
9
0
0
0
3
0
0
1.666666667
18.11111111
24.33333333
32
10.33333333
4
0.666666667
1
0
0
10
25
7
1.333333333
4
5
0
1.5
2
19
24
21
56
63.8
12.5
4
0.666666667
21.66666667
0
0
0
5
1.333333333
3
33
4
0
2
0
6
10.6
23.25
0