0
32
1.2
2.5625
0
0
18
18
0
5.666666667
0
0
2.666666667
6
5
0.111111111
5
10.6
41
2
33.25
1.75
1.5
0
0
0
0
0
1
1
0.2
0
0
1
0
0
1
56
0
0
4
7
20
30
15
26
50
5
26
0
2
3.333333333
10
2.142857143
4.307692308
0
0
6.8
0
0
0
1.5
2
2.8
9.6
1.333333333
0.333333333
2
0
12
56
31.66666667
0
2
12
26
27
28
16
24
38
2
2
2
0
2
5
3
11
19
23
11
17
1
12.5
7
3
0
20
18.25
20
7.166666667
16
26
3
11
5.333333333
18.66666667
3
0
4.5
16
9
0
7
13
0
0
0
0
0
0
6
31
100.5
0
0
0
0
0
0
0
0
0
0
0
2.5
0
0
0
0
0
3.176470588
2
2
1.4
0
0
0
0
0
1
1
0
0
0
0
2
0
0
2
0
1
0
1
2
3
1
1
2
2
2
2
5
1
0
0
0
0
0
0
0.5
1
1
2.666666667
3
3
3
1
1
0
0
0
0
5
0
0
0
0
0
2
0
0
0
1
9
3.5
0
16
1
3
8
10
9
7
5
3.5
0
3
11
10
15
11
10
4
3
0
2
4
4
7
2
0
2
19.33333333
17
14
16.5
17
14
9
16
16
1
1.666666667
5
3
19
15
34
26.5
25
19
38
0
13.5
29
12.6
0
0
0.833333333
1
1
0.777777778
0.25
0
0.4
0
0
3.333333333
1
0.75
0
0
1
0
0.5
0
6
14
14
2
2.5
2
13
7
1
1.125
3
1
1
0
0
0
0
1.6
4
0.5
0.9
0
0
2
3.5
0
0.666666667
0
0.714285714
2.2
5
2
2
2
5
0.363636364
0
0.5
9.666666667
0
18.5
2
0
20.5