11.72727273
3.125
3
3.090909091
3.125
11.27272727
11.33333333
3.75
6.6
5.25
1
1
1.571428571
7
6
0
0
0
0
0
0
0
0
0
0
0
3
2
5.75
8
9
8
7
0
2
8
1
0
0
0
2
4
0
0
0
1
0
16.76923077
14.5
30
26
11.25
6
6
6.25
6
7
7
2.5
3
6.333333333
12.40909091
23.16666667
1.5
6
0
6.5
6.7
8
15.125
12.875
16.33333333
12
9.777777778
7.2
14
1.666666667
1
0
2.727272727
4.571428571
10.41666667
8.083333333
0
1.777777778
3
2.75
3
0.857142857
0
1.8
0
0
0
0
0
0
0
0
0
0
0
0
0
0
0
0
0
0
0
0
0
7
0
0
0
2
3
3
0.833333333
0.666666667
0
2.833333333
4.75
2.166666667
3
1
6.2
3
5.5
6.166666667
3
3.777777778
3.454545455
1.333333333
0
1
0.333333333
0
0
0
0
0
7
0
0
0
0.5
3
3
3
1.764705882
0.181818182
0
2
0
0
0
0
0
0
0
0
1
0.125
1
0.5
0.75
1
0.666666667
0
0
0
0
0.8
0
0.8
0
1.6
0
0
0
0
0