1	0.85668409	0.037334405	0.055800885	899	1959	0.92076504	0.20710382	47068	0.16254053	0.14688793	0.22113799	5.1166668	4.52	3.25	45.099998	153.3	26.299999	28.200001	154.89999	25.299999	32.799999	1.6205268	11.099999	44.75	2.0669999	54.599998	2.73	1117	0.479	0.26069999	1.219	4.1549997	274.01251	120	235	97	197	48	174	75	94	85	182	3	7470.7236	9.9000006
2	0.65789473	0.061529722	0.078568727	1414	1978	0.93987173	0.43666488	81188	0.027478019	0.02320559	0.025563654	3.7882576	3.8116667	2.5833333	59.200001	213.8	39.888889	45.299999	203	43.42857	49.222221	2.6393502	11.045455	44.481819	1.8972727	52.909092	2.6090908	824.72729	0.53799999	0.18045455	1.0609092	3.4127274	323.6579	120	218	104	187	37	163	29	92	71	171	3	3175.4368	9.3666668
3	0.5180195	0.11899351	0.23847403	994	1969	0.89044183	0.23782687	37356	0.74629605	0.72288871	0.19405371	4.2309523	4.6482654	3.2809525	40.578949	162.89473	25.947369	38.055557	141	27.111111	35.210526	1.7266223	10.98	45.099998	1.638	53.099998	2.4449999	491.5	0.30399999	0.21699999	0.63300002	3.5049999	523.45172	102	220	98	185	39	136	64	89	68	170	3	6603.4106	9.4499998
4	0.59313828	0.18227741	0.044622187	1109	1976	0.94960052	0.46803933	55245	0.56033701	0.053426933	0.57305408	4.8000002	4.8571429	6.5916667	74.85714	241.71428	36.857143	56.285713	209.14285	42.42857	62.142857	1.5396806	10.9	45.099998	2.2771428	56.714287	2.8714285	1014.2857	0.50857139	0.19828571	1.1457143	4.9285717	1114.3064	87.5	168.5	107	149	59	84	31.5	73	63.5	137.5	6	2749.7205	9.6333332
5	0.75571942	0.0340329	0.1807525	1098	1939	0.90633893	0.4297542	55399	0.082791604	0.067061573	0.80647779	7.1500001	7.5999999	8	111.5	342.75	51.25	70	342.75	57	84.5	2.1221681	11.200001	45.25	2.0274999	55.25	2.8	510	0.6275	0.2525	2	2.51	3700	47	155	38	122	147	30	9	88	101	119	3	2918.9338	10.625
6	0.68859833	0.047237452	0.062139746	1497	1987	0.95072466	0.66454107	91193	0.97578526	0.027036484	0.27538455	5.5	5.5	5	39.666668	179	28	34.666668	118	24.333334	41.333332	1.813148	11.233334	44.766666	1.6136667	48	2.3666668	760	0.31399998	0.22966667	0.25	2.3533332	1040	23	180	34.5	137	11.5	62	25	9.5	26.5	122.5	6	3540.1082	9.0333338
7	0.69284874	0.12719813	0.11762407	1403	1939	0.90291262	0.4266451	38036	0.90749872	0.75275022	0.23371883	5.7037039	5.6666665	6.6666665	18.333334	89	13	17.666666	70	10.333333	24.333334	0.51755744	11.1	45.366665	1.6733333	51.333332	2.4333334	603.33331	0.67000002	0.15566666	1.7666667	3.5999999	0.2263	72	119	117	115	32	149	28	37	63	108	3	30970.322	8.6999998
8	0.83052576	0.023481367	0.046962734	1481	1971	0.94537175	0.6187405	80448	0.76858985	0.23086147	0.31690809	2	2	8.2500191	9	59	22	12	72	14	18	1.0744407	11.2	44	1.3200001	49	2.3	140	0.77999997	0.090999998	0.41999999	0.87	3.5999999	4	48	26	40	32	5	89	15	30	38	3	6682.4478	8.8999996
9	0.94178748	0.015797446	0.024020774	1313	1975	0.98195696	0.64850795	76250	0.49417767	0.28400937	0.61452204	7.25	7	9	3	16.5	4	5.5	18	3	1	0.90634239	11.1	46.099998	1.47	50	2.2	180	0.55000001	0.086999997	1.4	2.7	0.37	30	103	55	87	62	25	39	106	50	82	3	21833.209	8.666667
10	0.89818239	0.067005545	0.004158965	925	1948	0.9059146	0.35373372	61589	0.40377277	0.36835566	0.12210383	5	5	5	163.75	577.75	83.25	125	509.5	86.75	143.25	0.87236017	11.425	44.125	2.8175001	64	3.325	850	0.66500002	0.26249999	1.1575	6.1750002	1650.0375	30	70	50	63	47	147	16	109	72	64	3	4672.7769	9.8666668
11	0.90752286	0.012468828	0.052784704	2350	1983	0.98241633	0.63726604	86343	0.25766161	0.16976583	0.20801607	8.5	8	8	29.70084	51.164707	30.033613	29.201679	1	29.867226	1	4.3003168	11.2	45.799999	0.77399999	38	1.6	430	0.18000001	0.068999998	1.5	0.91000003	0.0042	54	86	37	73	28	140	8	30	57	71	3	3991.1426	8.1333332
12	0.90387928	0.035775863	0.025	1318	1953	0.99097067	0.65293455	68614	0.062556118	0.045013629	0.053991649	4.1111112	3.6363637	4.2222223	50	50	50	50	50	50	50	4.0219469	11.4	43.700001	3.97	74	4.4000001	2800	0.52999997	0.37	1.2	9.3000002	320	5	50	24	40	83	47	24	3	66	44	3	3718.3408	7.8000002
13	0.73573899	0.073033705	0.070872948	1434	1960	0.97111344	0.73686975	51480	0.057676923	0.30838436	0.31347439	7.8333335	7.5	8.75	5	32	2	6	50	2	18	3.6419392	11.1	45.099998	0.98699999	43	1.9	270	0.56999999	0.25999999	0.1	0.18000001	0	19.5	50.5	17.5	41	9	15.5	7	3.5	10.5	37	6	2482.2019	8.666667
14	0.66415095	0.055127155	0.12551272	1164	1961	0.95476538	0.49153364	57206	0.87119973	0.48033479	0.8889727	2.9047618	4.2962961	3.6190476	7.7142859	49.142857	9.5714283	8.1428576	45.285713	4.1428571	9	1.5553724	11.028571	44.614285	1.5357143	48.42857	2.3285713	553	0.68714285	0.51700002	0.74000001	3.1228571	257.24686	38	147	47	118	11	47	16	38	22	105	3	993.90845	7.3666668
15	0.74957985	0.10823529	0.067226894	1347	1967	0.94013608	0.38321996	54365	0.88747108	0.78757453	0.90186471	3.409091	5.1399999	5.9000001	20.4	79.199997	13.8	22.200001	69	12.8	23.4	0.56805748	11.06	44.799999	1.742	50.799999	2.54	560	0.59799999	0.42460001	0.27599999	2.7	760.11401	24	137	25	104	10	48	25	57	22	94	3	1045.6733	7.5
16	0.63240027	0.065147385	0.1112212	957	1978	0.86096627	0.4136253	64057	0.7829017	0.77926147	0.83184159	5.375	6.5416665	7.8333335	69.333336	216.5	33.5	46.5	222.33333	35.166668	52.333332	0.99048138	10.916667	44.933334	1.5396667	50.666668	2.4166665	282	0.45166665	0.764	1.8466667	3.2166667	138.04155	30	69	120	76	83	62	108	197	82	76	3	11238.647	8.1999998
17	0.48369336	0.32210928	0.078144856	1050	1939	0.96218485	0.62605041	80476	0.19168016	0.17413096	0.32303888	2	5.3333335	6	18.333334	118	14.333333	18.666666	66.666664	9.333333	23.333334	1.7488115	11.2	43.966667	1.7366666	49.666668	2.5	580	0.69666666	0.10533333	0.45666668	2.8	466.66666	28	23	26	24	11.5	101	8.5	59	36	25.5	6	1579.2983	7.7600002
18	0.84663767	0.02951137	0.035316885	1566	1969	0.94167209	0.59170449	98654	0.33733544	0.32225117	0.6183337	3.9572601	5.962121	6.412879	33.5	105.91666	18.583334	27.333334	85.416664	18.75	30.916666	1.3935266	11.016666	44.758331	1.7166667	53.166668	2.5583334	741.66669	0.5025	0.31833333	1.2041667	4.1916666	2018.334	50	77	48	69	41	33	24	26	37	65	3	2370.0896	10.2
19	0.8636142	0.035801265	0.040672187	1620	1990	0.96845329	0.75344563	81601	0.20380655	0.18034364	0.26583105	3.4142857	5.6972222	6.6916666	58.533333	189.60001	27.666666	42	169.33333	27.266666	53.285713	1.2902071	11.099999	44.706669	1.7616667	53	2.5533333	895.59998	0.60133332	0.41646668	1.2426666	3.7673333	3375.2202	43	79	26	65	31	19	6	38	25	60	3	2391.5437	10
20	0.82319027	0.036835361	0.050928891	1405	1944	0.99124938	0.85707343	135893	0.54128587	0.45514727	0.55949938	5.5333333	5.6666665	6.3333335	20.666666	131.33333	12	35	73.333336	14.333333	27	1.5350595	11.366667	44.200001	1.6733333	49.333332	2.3999999	750	0.68000001	0.10633333	0.75666666	2.3	1833.3334	19	87	70	77	8	41	10	5	17	69	3	2870.7473	7.8000002
21	0.78103977	0.066055045	0.024464833	1583	1945	0.99410379	0.78773582	77639	0.61737275	0.29515725	0.32683036	4.5999999	4.5	4.2222223	9	51.666668	7	7.6666665	59.333332	7	23.333334	3.1132691	11.1	44.466667	1.2133334	46	2.0666666	316.66666	0.73333335	0.13666667	0.25666666	0.88333333	0.043333333	17	80	38	66	10	41	13	5	19	60	3	2525.8218	8.5
22	0.7460652	0.040726919	0.079668991	1412	1953	0.98156583	0.87378007	126970	0.7938903	0.304472	0.71295655	4.5968256	5.0729165	4.6150794	49.909092	167.18182	27	34.81818	147.09091	27.818182	56.5	2.8273351	11.241667	44.133335	1.8066666	52.333332	2.6333334	693.33331	0.71750003	0.17874999	0.55000001	2.9766667	648.67706	53	153	106	134.66667	21	98.333336	6.3333335	10	40.333332	122.66666	9	2749.6907	8.2200003
23	0.85588914	0.039030023	0.031870671	1403	1939	0.97463882	0.77367574	101250	0.76661962	0.61621588	0.7527532	6.6666665	6.6666665	3	85.75	313.75	48	67.25	313.5	50.25	90	2.2260501	11.3	44.299999	1.9025	55	2.675	785	0.66250002	0.1885	0.89499998	2.5224998	1750	9	48	24	39	23	18	43	5	23	37	3	2784.2595	8.1000004
24	0.60065913	0.054305773	0.037111335	1137	1975	0.98729712	0.71206772	87656	0.1678499	0.11480499	0.87158865	4	4	1	3	15	5	3	22	1	9	2.3310046	11.1	44.599998	0.97000003	43	1.9	370	0.34999999	0.098999999	0.13	0.50999999	590	30	117	48	95	40	26	18	10	34	87	3	2396.9902	8.75
25	0.72309011	0.080890223	0.068478495	1086	1973	0.91141909	0.49623379	62378	0.11952581	0.9231866	0.89067781	6.6999998	6.1666665	9	55	201.33333	28.833334	44.833332	197.16667	29.833334	49	0.76454437	10.75	45.366669	1.5133333	48.833332	2.2833333	426.66666	0.40166667	1.2866666	1.5	3.7333333	466.67841	5	31	24	27	37	7	37	13	29	28	3	9538.7783	8.666667
26	0.6637786	0.13237064	0.063778579	1724	1939	0.97904444	0.83654654	109738	0.68910384	0.61452061	0.68870085	5.4625931	5.430819	2.673352	173.26442	468.99518	77.793266	109.4375	484.63943	90.427887	119.64423	0.26688936	11.383732	43.903351	3.5955408	70.425835	4.0645933	2101.4832	0.5879904	0.38903826	1.4840192	7.8935885	707.6012	248.5	580.5	146	464	213	561.5	344.5	149.5	319.5	445	6	4284.4224	10.3
27	0.24077526	0.052925829	0.043980617	1122	1975	0.73676395	0.44285008	30746	0.59576726	0.41150093	0.35496902	4.5087714	4.2312078	2.9911747	123.07895	329.97369	64.105263	90.394737	311.13159	77.864868	98.421051	0.29262868	11.37	43.915001	3.57075	74.75	4.0599999	1742.5	0.57574999	0.28397501	1.191	7.5634999	1480.0035	155	471	30	355	143	358	413	184	228	338	15	4410.6826	9.6999998
28	0.6567629	0.04810413	0.084040746	1904	1943	0.96138436	0.80364299	84135	0.70076364	0.64738417	0.56787002	5.4537945	5.4871993	3.4572945	203.13274	657.0708	87.95575	155.27112	529.3186	113.31416	169.61063	0.97444147	11.449339	43.9674	3.4632204	73.634361	3.8982379	1672.0309	0.60162997	0.20207049	0.93431717	7.2222028	3039.595	254	341	66	278	71	522	96	145	196	267	9	4505.6084	9.75
29	0.84207338	0.058502577	0.008790542	1751	1966	0.98261142	0.73221624	72866	0.80430895	0.74636942	0.73204982	5.3490829	5.3815022	2.4449096	226.04237	723.33051	98.898308	168.32204	615.34747	118.99152	187.35593	0.86160994	11.455833	43.953335	3.55775	74.741669	3.9391668	1569.6666	0.61400002	0.22200833	1.0301666	7.5379167	2629.165	350	660	117	524	219	765	263	198	371	504	3	4588.3833	10
30	0.71333885	0.071251035	0.10936206	1749	1939	0.98385358	0.81270182	77500	0.72145593	0.60037899	0.63358289	5.7217007	5.8271265	2.5248973	255.36414	782.40759	113.45109	174.01631	765.21741	137.33702	188.26631	0.57764256	11.40914	43.918278	3.6367204	74.876343	4.0204301	1575.2688	0.61205375	0.33610752	1.5224731	7.9322042	1564.0753	192	645	20	479	202	549	787	67	352	463	3	4540.2236	9.8000002
31	0.80486178	0.021978023	0.025308026	1392	1939	0.99960178	0.95101553	56307	0.7271986	0.71283591	0.62284702	4.7028975	4.7183881	2.7744544	135.00578	410.1445	70.803467	114.0578	336.47977	82.290695	114.09827	1.2386824	11.454335	43.967052	3.48437	73.670517	3.8219652	1413.9884	0.62699425	0.23861849	1.2486705	7.6215029	2893.4111	99	275	88	222	85	373	235	8	177	216	3	4931.2617	10
32	0.77554476	0.017770257	0.061138142	1877	1963	0.98458987	0.89165479	100914	0.36378103	0.35916787	0.35261434	4.9874086	4.9783506	2.617296	196.52197	647.53973	100.0411	152.49042	607.10687	113.85475	165.71153	0.99112689	11.443989	43.956284	3.48241	73.450821	3.8713114	1435.5219	0.61915302	0.2800929	1.3696449	7.6769395	2352.3816	201	557	115	437	133	687	254	95	295	418	9	4893.0835	9.6999998
33	0.66679233	0.07651715	0.035431586	1116	1972	0.85606819	0.71364093	45288	0.79454547	0.67762989	0.73613644	5.3987937	5.41783	2.5906065	228.33971	676.19525	104.70953	153.52856	670.37622	118.09091	166.07619	0.59914845	11.422897	43.907009	3.6414065	73.289719	3.9822431	1446.6355	0.62972897	0.37520561	1.7649065	7.8373365	1173.5752	69	374	37	279	96	192	667	11	177	266	3	4759.4146	9.8000002
34	0.87130636	0.020606533	0.02177294	1634	1966	1	0.85695249	99250	0.75447607	0.6008724	0.66392267	4.992857	4.9010878	3.1721611	134.125	383.75	74.791664	99.666664	379.25	79.041664	106.5	0.70341706	11.408	43.888	3.5256	70.080002	3.8279998	1348.8	0.66319996	0.39848	1.8308001	7.5223999	1067.28	112	345	28	261	35	214	112	8	91	238	3	4668.269	9.8000002
35	0.87518889	0.016016923	0.048352975	1702	1961	0.99417335	0.89257103	109020	0.78146636	0.68166471	0.32806283	4.5259562	4.5394521	2.5375404	125.93636	341.73636	67.490906	89.800003	334.82727	72.827271	95.263634	0.60413092	11.382143	43.933037	3.4223216	68.5625	3.8035715	1530.0892	0.60892856	0.38630357	1.7413393	7.3888392	1000.8093	132	392	35	297	49	196	94	30	93	271	3	4521.2329	10.3
36	0.73258907	0.078149922	0.070441253	1186	1949	0.96522039	0.78168046	72869	0.81228626	0.71260989	0.61446291	4.65204	4.7192168	2.6298082	148.59195	440.25861	78.626434	111.00574	412.36783	84.173409	117.17242	0.96540552	11.4375	43.997726	3.2668183	69.602272	3.6318181	999.35797	0.65698862	0.31116477	1.5544887	6.8653979	1643.8234	87.25	227	77.25	184.5	66.5	249.75	197.5	42	128.5	177	12	4878.0679	9.6999998
37	0.7406103	0.074726135	0.008607199	1270	1939	0.98880231	0.91139239	75000	0.57102209	0.35513714	0.52531123	4.8858562	4.9125619	2.6195011	150.78035	428.49133	78.109825	110.13873	416.49133	86.668602	115.48555	0.79884189	11.429379	43.992657	3.4109039	71	3.777966	1172.356	0.64474577	0.36200565	1.7697175	7.2942371	1187.3856	203	398	121	325	99	327	219	23	172	305	6	4737.6201	9.8000002
38	0.77938294	0.00612145	0.08202742	1428	1939	0.99637133	0.88993043	103427	0.70482105	0.67385131	0.53554708	4.4868274	4.5263147	2.8746517	115.67461	340.7244	58.346458	97.456696	272.62991	70.03968	98.928574	1.3592197	11.437209	43.986824	3.207907	70.085274	3.5906978	1145.6046	0.64937985	0.23222481	1.265969	6.9539533	2712.0474	17.6	146.8	30.6	112.4	23.4	74.800003	203	10.6	55.200001	104.6	15	4869.3491	10.075
39	0.78326774	0.055708662	0.06594488	1450	1939	0.97066015	0.88044012	77150	0.35096496	0.63147634	0.33556762	4.892838	4.9347315	2.9804761	173.78394	556.79224	93.616669	140.0554	517.09692	99.238892	149.14285	1.1923972	11.450137	43.956989	3.4726768	73.841095	3.8219178	1196.4932	0.6429041	0.28205752	1.5186027	7.5988493	2443.8066	75.199997	292.79999	91.800003	233.2	70.800003	308.39999	195.39999	68.599998	147.39999	221.8	15	4912.3047	9.8199997
40	0.60043198	0.25902498	0.041962359	1351	1939	0.92327166	0.73690361	103147	0.85117602	0.59467715	0.83569598	3.6240299	3.6837039	2.1556084	101.70238	302.84525	51.440475	86.035713	245.69048	62.73494	90.469879	1.1839318	11.433708	43.942699	3.0511236	66.786514	3.3752809	843.95508	0.70966291	0.22575282	1.476854	6.5661798	2537.3677	51.666668	147	67.5	122.33334	102.83334	219.33333	132.83333	121.16666	137.5	124.5	18	5646.5313	10.12
41	0.62273812	0.17036532	0.040628202	1288	1955	0.93171716	0.73616159	62107	0.7866751	0.56005126	0.74024659	4.2089572	4.2934122	2.8123376	138.54716	389.22641	76.490562	100.98113	378.18869	80.096153	112.64706	1.0157049	11.428302	43.990566	3.4039621	69	3.6716981	935.84906	0.66000003	0.40879247	2.1254716	7.2486792	927.30359	76	234	80	189	139	262	282	168	187	189	6	4938.3291	9.75
42	0.87306499	0.013710747	0.043343652	1354	1939	0.98545045	0.83156127	95300	0.04654241	0.016096924	0.041485526	4.3124561	4.3988919	2.3547282	113.05128	310.43588	64.269234	79.141029	306.61539	66.236839	88.486839	0.91682947	11.388888	43.951855	3.2250617	64.679016	3.5481482	1090.9877	0.68061727	0.41025925	2.0659258	6.771605	663.8299	63	340	115	270	119	119	454	9	151	255	6	4739.7368	10.3
43	0.77165085	0.080852501	0.074086607	1391	1939	0.97187364	0.8152315	103036	0.6445393	0.15661378	0.55851418	4.6139092	4.6511221	2.2535992	110.38571	288.51428	64.471428	78.585716	301.15714	64.728569	86.514282	0.82491577	11.395775	43.969017	3.3405633	64.633804	3.5943663	995.49298	0.69633806	0.46535212	2.4185915	6.8021126	503.6124	77	242	98	199	132	160	406	83	166	194	3	5084.5151	10.15
44	0.70048898	0.1693154	0.02292176	1558	1939	0.93543243	0.70346749	87222	0.80261695	0.60103065	0.76241481	3.8213174	3.8748071	2.3464286	173.85185	534.30487	93.707314	128.96341	513.93903	90.555557	142.76543	1.0971284	11.448193	43.97229	3.2877109	67.216866	3.5662651	722.77106	0.67373496	0.37106025	2.0963855	6.8693976	1201.8086	112	227	113	194	185	382	205	289	241	200	6	5309.2993	9.8499994
45	0.55516118	0.31706595	0.084590361	1206	1939	0.9749912	0.67065871	83207	0.67346507	0.58568394	0.62230611	3.4985809	3.4387012	2.4115326	111.08696	313.34784	65.695656	88.58696	275.54349	68.666664	103.81818	0.94879252	11.45	43.895653	3.2017391	68.41304	3.4847827	713.47827	0.71456522	0.27867392	1.7228261	6.9813042	2106.3193	105	236	111	199	162	247	259	160	194	199	6	5604.2246	9.9666662
46	0.28903508	0.62938595	0.03991228	1400	1939	0.89818382	0.37809578	51250	0.8911202	0.74729687	0.86390877	4.0550213	3.8236201	2.3499999	105.4	298.5	60.400002	80.800003	253.5	61.299999	91.800003	0.69489473	11.41	43.91	3.0350001	63.700001	3.3199999	834	0.72899997	0.2974	1.846	6.7290001	1793.0509	194	181	170.5	180	376.5	651	268	750	445	215	6	6120.0039	10
47	0.60784984	0.034812286	0.16450512	1104	1939	0.835289	0.52498913	53750	0.70250565	0.40113989	0.53916383	3.7117648	3.8966439	2.692857	95.416664	260.83334	61.583332	70.916664	255.33333	57.194443	84.305557	0.89500862	11.416216	44	3.0127027	62.432434	3.2783782	478.16217	0.73513514	0.37854055	2.2405405	6.1556754	765.9693	89	165	68	139	93	215	163	128	133	138	3	5613.5898	9.8999996
48	0.6022284	0.090993501	0.13741876	1141	1939	0.82104754	0.56498545	65660	0.64068377	0.36805901	0.56797594	3.5303674	3.6660583	2.2803433	103.10345	274.5	61.293102	73.482758	274.58621	58.948277	84.035088	0.92741269	11.440678	43.971188	3.1596611	62.779659	3.3762712	684.06781	0.69169492	0.40991527	2.4188135	6.2230511	696.99597	119.25	183.75	83.5	158.25	134.75	359	173.5	233.25	200.25	163.25	12	5347.4277	9.9799995
49	0.60025287	0.20050569	0.092035398	1163	1939	0.92724305	0.56052202	61069	0.75514776	0.3590048	0.53529257	3.6552749	3.7011108	2.309829	127.23189	349.14493	67.652176	87.521736	335.92755	68.797104	97.338234	0.73209262	11.412857	43.954288	3.1731429	62.528572	3.4357142	906.42859	0.69814283	0.42209998	2.2577143	6.4419999	697.08582	127	131.5	113.5	128	235.5	482.5	188	378	299	150	6	5205.7334	10.15
50	0.62115449	0.002073972	0.11631525	1094	1939	0.7641288	0.44124547	63523	0.5848217	0.38713819	0.47664553	4.2637382	4.3960371	1.9357142	78.411766	226.94118	59.058823	61.117645	219.05882	42.823528	67.882355	0.78759682	11.429412	44.041176	3.0417647	59.470589	3.2294118	598.82355	0.77588236	0.42658824	2.7570589	5.5211763	503.7121	14	190	29	142	53	153	175	41	92	135	3	6066.6572	10
51	0.6719057	0.012033399	0.2043222	966	1939	0.87103534	0.44195092	52237	0.44295505	0.27060378	0.32962632	3.5623562	3.6711679	2.3393633	71.14286	215.38776	58.693878	59.020409	180.91837	48.468086	71.319145	0.689448	11.44	43.986	2.9751999	59.860001	3.1700001	500.79999	0.76440001	0.36923999	2.4486001	5.7427998	1016.2322	132	159	46	134	79	293	144	184	145	135	3	6249.7866	9.9333334
52	0.115536	0.70826578	0.072702013	945	1939	0.8711502	0.30452546	30638	0.75493264	0.50172091	0.71186113	2.9594173	3.095	2.4862435	39	119.6	40.200001	35.799999	90.800003	21.9	42.777779	0.36406663	11.425	44.083332	2.7262499	58.083332	2.9166667	477.5	0.77249998	0.22966667	1.8065833	5.2941666	1574.1666	138	111	172	126	458	843	237	757	544	180	3	6780.75	9.9833336
53	0.083661415	0.81274605	0.070127949	933	1939	0.82827055	0.19400567	25916	0.83926976	0.77453566	0.82788521	3.1002104	3.1396694	1.8633333	31.166666	132.25	31.25	30.583334	98.5	19.363636	38.18182	0.55193764	11.4	44.141666	2.4233334	55.75	2.7166667	462.33334	0.76916665	0.189	1.5183333	4.6916666	1433.6635	224	144	261	175	573	1020	248	1060	668	239	3	7190.8105	10
54	0.17111437	0.59780061	0.029032258	504	1956	0.73979825	0.15061899	18720	0.57032388	0.53516454	0.65153599	3.4201949	3.6450932	2.8673737	32.149426	107.8046	32.873562	28.045977	93.034485	17.931034	27.586206	0.73273933	11.419101	44.117977	2.840337	59.112358	3.013483	791.68536	0.75752807	0.21616854	1.9429214	5.5082021	1452.5853	233	47	165	87	337	483	252	721	373	125	3	9475.2021	10.2
55	0.1441337	0.67896742	0.056428924	958	1939	0.81500953	0.20721798	32574	0.71644449	0.6260246	0.75264686	2.6569805	2.761111	1.8253968	62.916668	219.41667	57.333332	53.916668	191.08333	34.083332	62.583332	0.22815849	11.415384	44.015385	2.9000001	60.76923	3.1153846	591.53845	0.76923078	0.26438463	2.1076922	5.5307693	1266.9233	160	122	159	133	340	507	272	557	381	165	3	7974.2153	9.8999996
56	0.19427355	0.43327025	0.10695694	1040	1939	0.77874279	0.22415219	35432	0.54918969	0.48085684	0.77450126	2.9055555	3.0857143	3.0219047	34.857143	103.85714	40.714287	30.285715	86.285713	22.166666	36.5	0.30609733	11.457143	44	2.9485714	60.142857	3.0714285	537.14288	0.81142855	0.27542856	2.2942858	5.5428572	1257.1433	196	182	207	188	351	471	272	467	377	213	3	8920.4014	9.8999996
57	0.67110437	0.094402418	0.031921331	963	1939	0.81462961	0.36777776	38301	0.53988063	0.48928359	0.67056245	2.8127306	3.2743962	2.8825397	44.19355	149.06451	46.709679	37.548386	110.70968	22.4	40.200001	0.40817121	11.409375	44.018749	2.7321875	56.78125	2.953125	402.28125	0.81656253	0.31125	2.494375	4.8218751	853.77448	101	172	53	142	74	249	140	132	129	140	3	7379.4844	9.8999996
58	0.70012391	0.022057001	0.14845106	990	1939	0.7925089	0.367717	48880	0.6347385	0.54947704	0.4726699	3.3466063	3.3277779	2.1174603	65	225.16667	59.388889	51.166668	157.66667	36.888889	60.222221	0.64870346	11.455556	44.022221	3.1227777	59.5	3.2166667	587.22223	0.80944443	0.39294443	2.9205556	5.5966668	972.78308	64	208	44	162	74	210	122	127	116	156	6	6815.9229	10
59	0.25712484	0.13713324	0.17036492	1170	1939	0.62443924	0.19989234	37813	0.86268371	0.34777603	0.37455958	4.0561361	4.0624175	3.2931216	29.9	83.900002	26.5	27.1	66	17.700001	20.9	0.80068886	11.35	44.34	2.336	54.200001	2.76	573	0.72600001	0.2626	1.862	3.7709999	987.33844	175	66	95	82	195	283	225	323	223	100	3	6620.8203	10.05
60	0.062063847	0.82093543	0.022420192	1006	1943	0.77718961	0.12319538	33344	0.1780578	0.15033217	0.16486846	2.2840621	2.035629	1.4728937	15.518518	59.203705	16.333334	12.537037	49.111111	14.705882	16.411764	1.5174909	11.412281	44.150875	2.0438597	52.842106	2.6438596	362.42105	0.76964909	0.19691229	1.1703509	3.3819299	1316.9048	198	80	180	110	283	485	156	485	328	139	3	6911.7925	9.8285713
61	0.025487728	0.95374447	0.00283197	792	1939	0.81450093	0.10969868	28264	0.27636227	0.24366723	0.25537473	2.7636364	3.1861112	1.4166666	19.714285	92.714287	16.428572	23.857143	59.142857	11.833333	16.5	1.9257734	11.428572	44.299999	2.1014285	53.857143	2.5857143	339.57144	0.74857146	0.12	0.61142856	3.5142858	1871.4297	156	58	146	85	268	701	100	700	374	122	3	5220.2803	9.7200003
62	0.099247806	0.81466776	0.01901379	829	1939	0.81682307	0.20055613	22273	0.2079026	0.19237188	0.193372	2.7242041	2.7326756	1.5396825	20.970589	88.352943	17.82353	23.970589	64.029411	12.62963	13.852942	2.0780449	11.461764	44.14706	2.2294118	54.617645	2.6470587	271.08823	0.82088238	0.11541177	0.65176469	3.7285295	1944.8706	164.5	200.5	164.5	190	309.5	523.5	230.5	558.5	362.5	212.5	6	5017.8828	9.6400003
63	0.57083696	0.22820401	0.062772453	881	1939	0.86587667	0.6304875	38289	0.33200693	0.34818536	0.31692398	3.3452344	3.4308479	1.8446722	44.304947	146.15109	28.821428	41.51099	117.67033	22.51111	31.63764	2.3354878	11.427925	44.147076	2.3980319	56.864361	2.7992022	442.72873	0.7862314	0.15290159	0.81632978	4.1942019	1594.5426	172.5	160	169.5	163	244.5	415	323	343	299.5	180.5	6	4464.4897	9.6000004
64	0.48829541	0.27035937	0.076162219	1101	1939	0.91839272	0.67067111	43542	0.46804306	0.80817944	0.46090558	3.5528951	3.6000161	2.0194025	44.108246	157.02061	28.603092	42.737114	110.25258	23.694736	34.832462	2.5756965	11.4155	44.146	2.2748549	55.895	2.743	515.02502	0.74290001	0.129825	0.66584998	4.0380502	1692.8485	150.5	138	109.5	133	177.5	463.5	178	318.5	257	149.5	6	4000.1997	9.5
65	0.199672	0.70192701	0.032800328	870	1939	0.89870566	0.34777716	45594	0.57554728	0.61131352	0.55580157	3.0686116	3.0381186	1.8882867	47.138363	162.43396	31.402515	42.6478	124.59119	24.069181	36.778481	2.6750555	11.423313	44.087116	2.2737422	56.02454	2.7803681	573.31287	0.7304908	0.1447546	0.7480368	4.0999389	1499.4979	217	83	119	102	270	797	49	736	397	141	3	3933.6829	9.5
66	0.4520202	0.19926538	0.096877873	956	1939	0.93173242	0.69331044	44225	0.033028245	0.032124735	0.030284034	4.7284646	4.7550468	2.1220815	67.901276	218.37143	38.35873	65.792992	162.86032	40.092949	50.838097	2.5365577	11.453894	44.072273	2.5800095	59.520248	2.995327	675.04675	0.69566977	0.13953272	0.64595014	5.2531776	2048.8313	232.66667	173.33333	135.33333	170.66667	123	468.66666	168.66667	165	221.33333	177.33333	9	4162.4902	9.5
67	0.61495388	0.062088273	0.069828719	1201	1939	0.90208876	0.78459531	20217	0.59169275	0.18617682	0.56320572	3.5944843	3.6139119	2.6869361	78.307693	236.41539	42	73.157692	167.01154	54.057693	69.815384	1.9085584	11.461832	44.001526	2.8998511	63.049618	3.3187022	1420.1908	0.59053433	0.15761068	0.67603052	6.5248857	3321.4863	138	171.33333	69.666664	147.66667	88.666664	554	84.333336	129	214.66667	156.66667	9	4217.2988	9.9250002
68	0.25461873	0.463218	0.034934498	802	1970	0.889054	0.40960872	18843	0.7417419	0.35756412	0.40142584	3.5041006	3.5113664	2.4120748	70.677017	232.26707	35.720497	69.819878	159.27951	42.587502	58.937889	2.2245915	11.450603	43.994579	2.5945182	59.006023	3.0584338	1004.759	0.61789155	0.13899398	0.59174699	6.0425901	2612.6787	266.5	302.33334	167.83333	271.83334	240	668.66669	130.33333	379.83334	347.16666	281.5	18	4104.4263	9.833333
69	0.16518106	0.69080782	0.023398329	442	1963	0.75487328	0.23927875	20893	0.52761096	0.32300624	0.46672982	3.752079	3.6850431	1.9787658	84.148148	266.65433	43.395061	76.839508	215.16049	47.604939	65.493828	2.5945764	11.449398	44.062649	2.5465062	59.144577	3.0060241	812.04822	0.65891564	0.14610843	0.64734942	5.4804821	2251.7166	233	199	182	199	388	772	175	752	475	235	3	3964.1101	9.6999998
70	0.10129143	0.8672787	0.005445776	1275	1953	0.90913838	0.354047	66563	0.037760004	0.028162092	0.059421051	3.32674	3.5641026	2.5277777	33.285713	125.28571	24.142857	23.214285	108.28571	21.09091	19.5	2.6806276	11.386666	44.386665	1.824	51.400002	2.5066667	641.33331	0.75933331	0.18080001	0.49266666	2.092	381.3338	201	237	63	199	212	352	443	98	271	208	3	3238.9575	8.2333336
71	0.037615485	0.90299165	0.025736911	547	1975	0.75448644	0.1825124	20554	0.22362502	0.17759779	0.20400238	2.9142702	2.903157	2.1156363	27.950001	106.1	23.7125	24.612499	90.137497	17.063292	23.475	2.8747599	11.374074	44.103703	2.0690124	53.901234	2.6925926	527.40741	0.67246914	0.1605432	0.73876542	3.959753	1232.8806	316	289	225	278	491	911	249	1012	587	319	3	3709.5864	9.4333334
72	0.036291465	0.94584632	0.011908137	806	1939	0.78728729	0.1061061	19583	0.25620103	0.20311201	0.238539	2.8672173	2.8158462	1.9857717	34.673611	129.22917	23.256945	29.458334	100.27084	22.119719	31.465279	2.583535	11.437162	44.05135	2.1965811	55.087837	2.8189189	761.30408	0.62175673	0.14853378	0.66432434	4.7257433	2088.2649	224	170	204	182	456	884	97	953	543	229	3	3744.4331	9.5250006
73	0.069391638	0.87333649	0.010693916	962	1951	0.79992306	0.18891881	22701	0.53297228	0.46051446	0.51987255	3.4768012	3.5979931	2.1302619	49.465752	146.0274	29.315069	49.767124	107.69863	30.638889	41.013889	2.3694556	11.437333	44.053333	2.4644001	58.360001	2.9813333	829.06665	0.60893333	0.13498667	0.574	5.5577335	2361.8186	311	280	275	282	581	1051	344	1164	692	335	3	3891.0344	9.6800003
74	0.15056418	0.75846261	0.039844852	854	1958	0.81593627	0.26613545	23567	0.84543967	0.13587101	0.861395	3.3425214	3.3758042	2.4507198	66.640625	200.04688	31.96875	59.078125	140.76563	41.390625	56.34375	1.9463698	11.457576	43.957577	2.6703031	59.666668	3.1712122	1314.1515	0.62954545	0.15821213	0.57590908	6.3292422	3299.2454	190.2	184.8	185	185.39999	419.79999	718.59998	315	744.59998	494.60001	226	15	3947.3037	9.8000002
75	0.045874484	0.93278116	0.011150048	810	1943	0.88936573	0.22269909	23548	0.27898404	0.22072186	0.25959045	2.8410549	2.8521183	1.5036341	44.347828	161.34782	30.26087	33.173912	147.95653	23.391304	35.565216	2.9093547	11.379167	44.170834	1.9333333	52.875	2.5833333	335.33334	0.76166666	0.146625	0.70916665	2.7850001	930.41687	304	272	173	255	377	799	161	608	473	283	3	3506.2568	9.1000004
76	0.003524081	0.96039605	0.034066118	967	1939	0.85954732	0.18282066	27092	0.21452896	0.1678663	0.2022742	2.7393703	2.6343422	1.8395125	16.863636	72	18.454546	13.227273	64.5	10.136364	15.090909	2.9505217	11.313636	44.263638	1.7263637	50.090908	2.4181819	443.09091	0.73909092	0.1730909	0.83499998	2.3581817	843.64374	377	97	147	132	403	796	324	826	507	181	3	3424.6309	8.8999996
77	0.27488759	0.45793191	0.034360949	1047	1969	0.90572792	0.51233095	26250	0.63019991	0.56790924	0.61521697	3.6030915	3.5267801	1.6838249	24.264439	98.148933	13.300912	21.085106	84.29483	16.166153	35.753845	1.1677712	11.301198	44.111977	1.6954132	50.014969	2.4206586	1034.8024	0.54729044	0.1350479	1.3341317	2.0914671	2904.385	127	103	40	93	45	272	126	8	114	95	3	3050.3501	8.1499996
78	0.71647435	0.096652165	0.032343484	1829	1976	0.96768278	0.7643823	72804	0.83968538	0.41064182	0.75779504	4.4165225	4.4519148	2.6400518	161.46332	524.87836	69.285713	125.46525	415.83783	90.996132	140.06213	0.940853	11.391428	43.912762	3.1921144	69.137146	3.6940954	1674.4647	0.61076188	0.18063048	0.74017143	6.446857	2896.5474	174	273.5	52.5	220	70	417	239.5	117	181	215	6	4255.1074	9.6999998
79	0.17324646	0.65005749	0.098888464	537	1991	0.82035249	0.27345082	19569	0.55603212	0.56656951	0.50589412	3.30705	3.2515628	3.5282004	81.938599	242.4035	47.929825	66.114037	194.79825	54.57143	69.850876	0.44308558	11.367241	43.78793	2.8650258	59.827587	3.3724139	1525.1724	0.57706898	0.19939655	0.75767243	6.4667239	1161.3374	313.5	223.5	216.5	230	346	997.5	121	846.5	506	266	6	4072.9595	9.8999996
80	0.40071556	0.38729873	0.094215862	1384	1950	0.88012207	0.6190061	56894	0.85551775	0.7485435	0.80215311	3.2712357	3.1148031	3.5988927	81.573669	251.83072	44.780563	63.77116	181.9279	51.91824	72.28302	0.69148993	11.369938	43.861042	2.8414142	60.871166	3.3769939	1502.9448	0.57791412	0.16342331	0.62049079	5.7919326	1891.8162	205	305	254	286	430	787	318	791	520	316	6	4116.8999	9.5
81	0.76690698	0.062478546	0.10470305	1222	1939	0.98055893	0.80680436	90956	0.99976283	0.5003342	0.50050795	3.2829022	3.1474874	3.4829085	82.709404	241.80769	42.213676	63.2094	184.06837	50.918102	74.167381	0.88078475	11.370782	43.876133	2.9184363	63.962963	3.4839506	1594.2346	0.59481484	0.16035803	0.66209877	5.7648969	2494.8762	199.66667	279	194.33333	254.66667	117	301.33334	315	61	185.33333	245.66667	9	4169.4263	9.6000004
82	0.56240368	0.26373908	0.12583461	1234	1939	0.91274053	0.56735235	63311	0.82325238	0.56078863	0.76598382	3.263694	3.148747	3.4296825	85.445541	264.12872	44.861385	65.693069	181.57426	49.633663	77.550003	1.0492806	11.378218	43.884159	2.7484157	59.257427	3.2762375	1364.8514	0.60574257	0.15032673	0.65475249	5.4736633	2296.437	121	156.5	119.5	145.5	238.5	392	373.5	415	295.5	165.5	6	4013.4727	9.5749998
83	0.76704705	0.10548288	0.020595603	1127	1939	0.93741256	0.72517484	81250	0.2869769	0.21126609	0.27538151	3.1179895	3.1831515	3.2390938	55.065216	158.30435	31.23913	39.52174	123.76087	28.391304	48.304348	1.5860144	11.382608	43.891304	2.5078261	56.782608	3.0413043	964.56525	0.6745652	0.1486087	0.65608698	5.0917392	2539.3577	59.666668	221.33333	63.333332	175	110.66666	94	548.66669	51.333332	148.33333	171.66667	9	3880.6177	9.5500002
84	0.21525241	0.71965629	0.025993556	992	1939	0.86288846	0.3503961	36077	0.53581768	0.43554997	0.51162696	2.7701187	2.7872803	1.7896577	38.210526	123.12281	20.280703	27.280703	95.473686	17.527273	35.57143	1.7788336	11.375439	43.878948	2.152807	54	2.8350878	703.1579	0.70982456	0.15038596	0.73456138	4.5371928	2336.8467	187	280	222	260	313	481	493	408	378	275	3	3645.7891	9.6999998
85	0.14673913	0.7478261	0.053804349	878	1939	0.84124631	0.2908012	27065	0.78428632	0.70683587	0.77009058	2.1217339	2.1253967	2.0238094	22.857143	48.857143	14.428572	15.714286	46.142857	10.5	15.571428	1.6103065	11.357142	43.799999	2.1857142	53.57143	2.8142858	638.57141	0.73285717	0.16285715	0.78714287	4.8857145	2111.447	201	148	185	160	359	702	121	677	432	196	3	3755.9202	9.5
86	0.20361122	0.68421054	0.083365351	783	1967	0.68535823	0.21079959	15028	0.66498792	0.42410856	0.63804978	2.7069426	2.66886	2.4907274	42.730335	137.01123	25.404495	35.786518	92.786514	24.617977	41.707867	1.2639772	11.381318	43.875824	2.365901	54.79121	2.9230769	707.36261	0.64032966	0.1456923	0.67791206	5.0028572	1771.3927	172	80.666664	109.33334	94.666664	199.66667	401.66666	62	428	243.33333	113.66666	9	3817.614	9.4666662
87	0.22122839	0.60822898	0.060524747	943	1959	0.87392408	0.32455698	34306	0.38785067	0.28964716	0.3682968	2.8595059	2.8163292	2.4860005	62.226414	173.70441	34.795597	46.295597	138.74214	38.300972	54.92429	1.0598797	11.374143	43.77726	2.4485297	54.713394	2.9866045	842.1402	0.60149533	0.16635513	0.72355139	5.6542678	1295.512	172	239	146	215	323	625	216	579	397	238	3	3904.575	9.3999996
88	0.64805108	0.10189196	0.15363574	1808	1959	0.96092016	0.6976164	89054	0.59438467	0.4762063	0.6671074	3.1739109	3.1090953	2.7340243	79.30275	191.86758	33.944954	46.880733	169.73059	48.634258	64.463303	0.91281617	11.379545	43.747272	2.758909	56.854546	3.2850001	1665.8273	0.5992409	0.22072272	0.76249999	6.582818	710.83575	156	309	104	254	162	468	166	253	246	253	12	3871.2417	10.3
89	0.42225498	0.15180546	0.34586096	1126	1947	0.83218807	0.47884268	57647	0.64374179	0.51528889	0.52228898	2.9451876	2.7742512	2.4716539	59.482143	125.72321	26.964285	36.25	101.72321	34.476635	44.901787	1.2105806	11.332456	43.740349	2.4026754	53.982456	3.0184212	1126.4036	0.62114036	0.22105263	0.78122807	6.432807	466.52295	118	203	89	173	239	502	82	392	297	189	3	3796.4558	10.2
90	0.2651391	0.56268412	0.048117839	872	1979	0.88074291	0.34408602	12662	0.65839309	0.57474327	0.63140327	2.4888687	2.4476938	2.2894371	35.372883	113.23051	23.332203	31.054237	82.481354	21.554007	31.081911	1.3921673	11.360402	43.767784	2.2139966	52.781879	2.8187919	567.41614	0.63419461	0.17107047	0.76567113	5.4640603	1056.9481	271.66666	201	189	205.33333	297.66666	768	27	632.33331	402.66666	230.66667	9	3825.4041	9.3999996
91	0.017580144	0.97207862	0.010341262	278	1994	0.60127592	0.009569378	16550	0.38171253	0.29820746	0.3521997	2.5617692	2.466275	2.1913888	35.152779	124.72222	25.166666	32.763889	96.569443	18.211267	32.777779	1.6098613	11.360273	43.79863	2.1563013	53.178082	2.7945206	500.38358	0.6957534	0.15657534	0.78191781	5.0357533	1339.8208	177	165	195	172	380	853	53	843	481	213	3	3715.8882	9.3000002
92	0.063242376	0.85971105	0.060995184	795	1939	0.7382431	0.14063886	16725	0.42951685	0.35894999	0.40719715	2.3584788	2.4167984	1.7617913	21.285715	89.599998	16	18.771429	69.485718	11	22.628571	1.4133649	11.365753	43.831505	1.9533287	52.794521	2.7301371	365.06848	0.7591781	0.14813699	0.80506849	4.1302738	2021.5188	263.5	127.5	203.5	154.5	421	914	151	874.5	533	204	6	3601.8252	9.3500004
93	0.019279987	0.95342094	0.012967071	715	1941	0.73769909	0.11681416	20337	0.48396415	0.3321076	0.37271032	2.5446432	2.5119245	2.1848507	27.059702	111	21.440298	27.776119	82.410446	15.661538	22.112782	1.4414213	11.345985	43.815331	1.9939343	51.832115	2.6737225	542.26276	0.70386863	0.15613869	0.81072992	4.5257664	1203.8146	345.33334	177	309.66666	218.66667	592.33331	1190.3334	160.66667	1274.6666	719.33331	284.33334	9	3587.5625	9.3000002
94	0.49080583	0.36614385	0.046782043	986	1942	0.87800372	0.14787431	11875	0.17942691	0.14406718	0.15752921	2.5101779	2.4426284	2.1876314	29.226229	107.4	22.347542	27.511475	80.213112	17.338926	22.862295	1.6599431	11.363636	43.78117	2.0882921	51.785713	2.7110388	551.44806	0.65152597	0.15896104	0.77824676	5.1983442	912.99847	333.66666	181	252.66667	209	336.33334	860.33331	44.666668	758	454.33334	241	18	3677.2041	9.3500004
95	0.38422206	0.11760409	0.42914537	717	1941	0.75963718	0.35827664	40000	0.68326467	0.62466908	0.6597079	3.3528693	3.2386446	2.6896825	69.800003	185.5	33.400002	44.599998	166.8	47.75	57.099998	1.5804137	11.3	43.739998	2.3289001	55.700001	2.99	1169	0.63600004	0.2278	0.99900001	6.1059999	1057.3191	273	224	201	224	353	721	156	696	437	252	3	3656.3479	10.266666
96	0.55019081	0.043968808	0.24805044	912	1939	0.71510822	0.3102257	56250	0.63821256	0.61306018	0.629327	2.6337335	2.469893	1.654932	45.98	113.42	25.4	23.780001	95.620003	23.387754	33.299999	1.1960685	11.322001	43.571999	2.3006001	54.080002	2.9879999	930.20001	0.75279999	0.25602001	0.98479998	6.7384	464.4801	232.25	156.5	146.5	161.25	317.25	548.75	262.5	519.25	377	189	12	3520.5713	10.075
97	0.18311533	0.64982164	0.1313912	682	1939	0.75060731	0.11012146	11825	0.45506862	0.42054367	0.45229536	2.7228222	2.7060735	2.2000794	30.628571	100.71429	24.657143	24.714285	73.742859	19.852942	22	1.7825305	11.358334	43.783333	2.1925001	53.083332	2.7805555	707.5	0.67166668	0.19783333	1.0413889	5.2455554	828.62854	261	290.85715	230.42857	275.85715	430.71429	776.14288	138	753.71429	499.28571	305.42856	21	3571.7649	9.5
98	0.031029619	0.92066288	0.012693935	837	1939	0.78653365	0.068827927	17855	0.28333029	0.17865998	0.24726373	3.2583334	3.5924909	1.8511904	42	172.5	29.666666	31.666666	161.33333	20.333334	32.5	1.3628926	11.299999	44.049999	2.1099999	53.166668	2.7333333	556.66669	0.64999998	0.20333333	1.1083333	4.7666664	526.66669	207	55	193	96	450	869	162	988	541	154	3	3518.3694	9.2333336
99	0.066994704	0.88152915	0.027252082	820	1939	0.82732558	0.065697677	15659	0.4701997	0.11835781	0.45789561	2.472815	2.441714	1.9891156	25.440001	100.9	21.559999	22.02	77.739998	14.346939	17.08	1.6107234	11.362	43.765999	2.0238199	51.200001	2.652	565.40002	0.69499999	0.17017999	0.81059998	4.9837999	682.80334	255.5	145	246.5	175.5	483	914	103.5	943	568	227	6	3529.0063	9.4250002
100	0.17745572	0.74106282	0.046698872	1118	1946	0.88499552	0.35489666	39432	0.32280037	0.26044637	0.30469713	3.2564394	3.2060316	2.1817238	32.582607	114.8362	16.991379	24.129311	94.025864	19.530973	40.327587	0.35221487	11.290678	43.949154	1.8544322	52.40678	2.6610169	650.67798	0.73525423	0.15305932	1.3842373	3.0920339	2525.2119	223	255	106	222	202	513	162	377	284	230	3	3098.657	8.7666674
101	0.87176937	0.000662691	0.097249836	855	1939	0.76144636	0.27917352	41528	0.79111028	0.751975	0.77826267	2.3305554	2.6372528	1.5952381	30.083334	71.166664	17	11.416667	67.75	10.166667	16.75	0.58309889	11.25	43.591667	2.2033334	54.166668	2.95	1397.5	0.84083331	0.43166667	1.3516667	7.7416668	72.533081	41	49	24	44	41	76	99	64	56	45	3	2945.0027	10.4
102	0.094679184	0.79812205	0.075899847	714	1939	0.83177572	0.25367156	19943	0.30483353	0.23263429	0.28445351	2.3433919	2.3768051	1.2650632	45.046154	158.04616	28.830769	31.969231	135.07692	23.276922	37.153847	1.3207806	11.313637	43.804546	2.120909	53.439392	2.7257576	601.40912	0.74606061	0.19172727	1.1853031	4.8351517	570.66669	368	517	256	452	563	1108	377	902	696	484	3	3332.8496	9.3000002
103	0.49334177	0.30183893	0.057070386	1169	1952	0.89142334	0.59215331	45469	0.19232868	0.16374765	0.18771073	3.4742296	3.4890156	1.782138	46.568306	167.21739	33.125	38.60326	160.03804	26.906076	41.065575	1.3672355	11.293513	44.003784	1.8782703	53.951351	2.6735137	492.45404	0.71908104	0.1452973	0.81751353	2.7079458	911.22498	199	263	132	231	181	459	200	338	260	235	6	2913.72	7.5999999
104	0.70593262	0.12275603	0.061890922	1307	1939	0.93604231	0.61697525	65385	0.18059365	0.14735617	0.17207745	3.6488531	3.5011244	2.4598215	49.026318	169.21053	24.789474	38.052631	151.52632	28.648649	49.684212	0.69534802	11.305264	43.971054	1.8973684	52.657894	2.6552632	786.57892	0.64605266	0.15144737	1.23	3.2644737	2537.5588	99	171.5	75.5	146	93.5	258	115.5	129.5	140.5	145	6	2981.2322	8.3000002
105	0.85306758	0.066822976	0.053536538	1125	1939	0.95452112	0.57891923	57188	0.44700617	0.15313017	0.20084235	4.0680876	4.0117145	2.9570248	38.418919	106.41892	18.364864	21.635136	96.324326	18.09589	35.067566	0.69784206	11.277333	44.125332	1.6538934	50	2.4360001	901.46667	0.6673333	0.12074666	0.77185333	2.0638666	2752.1362	178	210	170	199	51	314	48	91	122	189	6	2856.3186	8.9250002
106	0.84629112	0.088258624	0.036096785	1408	1939	0.93518037	0.57083118	59063	0.36212325	0.2167802	0.35183948	4.1798234	4.1350312	3.5487268	32.040001	80.039474	14.644737	14.906667	72.373337	12.826667	29.693333	0.4207643	11.222785	44.20253	1.4487342	48.303799	2.2670887	742.2785	0.7165823	0.12818988	0.74139237	1.4296203	2880.6172	195.66667	209	145.66667	195.33333	24.666666	388.66666	16.333334	42.333332	122.66666	186	9	2803.7644	8.1000004
107	0.77800244	0.071977355	0.08451274	1169	1955	0.89951897	0.54088724	63516	0.53071409	0.47264421	0.53237456	3.5590966	3.58672	1.8387897	30.714285	76.714287	14.952381	13.333333	70.285713	12.666667	31.285715	0.8044042	11.25238	44.023811	1.5790477	48.523811	2.3809524	841.42859	0.73904759	0.13423809	0.72000003	2.2828572	2191.4302	88	186	60	152	60	264	117	8	120	148	3	2810.0164	8.5
108	0.84659237	0.02772739	0.073594198	1514	1939	0.94653177	0.55491328	67195	0.2355736	0.30375439	0.40101451	3.9069328	3.947443	4.003592	33.739132	94.420288	17.826086	19.308823	75.449272	15.544118	30.652174	0.61904824	11.265714	44.161427	1.5768571	48.685715	2.3128572	704.85712	0.71957141	0.12554285	0.68342859	1.9905715	2398.1978	134.5	76	70.5	80	13	251	20	73.5	78.5	80	6	2738.4055	8
109	0.79627502	0.11243964	0.072660379	1505	1939	0.93186063	0.55009335	68750	0.35162389	0.21224414	0.46891195	4.1417108	4.1619253	3.1580722	51.44944	136.91011	23.629213	26.449438	127.85394	22.423529	42.719101	0.36156464	11.223077	44.165936	1.5865494	49.395603	2.3582418	848.17584	0.70285714	0.16446154	0.82296705	2.1986814	2624.7302	192	152.33333	107.33334	146.66667	37.666668	322.33334	17	118.66666	113.66666	142.66667	9	2745.6084	8.2399998
110	0.82853436	0.033981841	0.024383917	1328	1950	0.91543186	0.59631371	70223	0.051895436	0.087975264	0.11062709	4.0407257	4.1162796	2.6458476	31.799999	93.199997	14.977777	15.344444	88.577774	13.034483	29.433332	0.49046198	11.206594	44.312088	1.3430769	46.395603	2.1362636	831.97803	0.65527469	0.13181318	0.56945056	1.3718681	2841.9822	157	139	93.5	131.5	57	250.5	43.5	104	108.5	128.5	6	2686.7585	8.4749994
111	0.78395063	0.0995996	0.029696364	1186	1962	0.95050114	0.42667213	80920	0.23895475	0.48079062	0.55974758	4.0670695	3.9776781	3.4156494	26.262295	86.557381	14.442623	19.09836	83.573769	16.48	22.213116	0.92366654	11.203279	44.211475	1.4573278	47.819672	2.2590163	666.39343	0.56196719	0.14209837	0.57999998	2.1855738	1526.5933	132	196	50	161	123	306	200	227	181	163	3	2621.532	8
112	0.59842676	0.24001613	0.057886243	1325	1971	0.95704663	0.58057272	51815	0.28662613	0.28101057	0.48155954	3.893888	3.8141637	1.6001937	20.951982	68.065979	13.008247	15.679833	62.018559	11.922737	19.712215	1.71153	11.168727	44.399796	1.4030944	47.203285	2.2303901	541.98358	0.44574949	0.14236961	0.44936344	2.0235934	877.48987	239.66667	119.33334	95.333336	125.33334	39	257.33334	62.666668	72	100.66666	122	9	2527.1506	8.2333336
113	0.76648182	0.1534196	0.047443006	2050	1978	0.95787829	0.61778474	102298	0.36542934	0.46270791	0.4681471	5.5625	4.6933331	4.5333333	18	12.4	6	12.333333	13.6	11	7.5999999	1.420115	11.12	44.48	1.242	44.400002	2.0999999	328	0.368	0.126	0.21600001	1.886	1306	24	153	30	117	59	144	136	15	89	113	3	2708.905	8.3000002
114	0.27066034	0.5812574	0.037366547	856	1939	0.90816593	0.5721367	53799	0.22082977	0.73440689	0.24694118	3.0608609	3.1254594	1.5878676	23.657894	83.75	17.921053	17.907894	76.184212	17.960526	24.986841	2.1621113	11.170886	44.256962	1.5474304	50.493671	2.4088607	448.58228	0.72493672	0.14696203	0.53202534	1.9346836	472.17627	227	172	152	173	260	492	395	385	338	195	3	1626.0601	7.7249999
115	0.32761312	0.43759751	0.088923559	889	1948	0.89905089	0.67213112	21667	0.4888688	0.48935637	0.50145966	2.6773758	2.7894647	1.5169216	21.934673	78.875	23.084999	20.040001	77.236183	15.882051	20.217173	1.8713478	11.246188	44.046638	1.7198117	51.784752	2.5179372	375.13452	0.72650224	0.14787893	0.82412553	2.2242153	400.18823	194	103	33	97	113	503	138	336	224	113	3	2763.5454	7.6999998
116	0.39033556	0.44107383	0.063087247	932	1939	0.91241378	0.56310344	41887	0.059916496	0.055274006	0.060236793	2.5033748	2.8351533	1.5643061	20.38806	86.552238	23.761194	21.313433	80.970146	14.477612	18.373135	1.6025195	11.254412	44.008823	1.7097058	51.588234	2.5191176	297.64706	0.74191177	0.13070588	0.71323532	2.2195587	398.42368	209	157	123	155	225	537	72	393	296	173	3	2815.675	7.5999999
117	0.37018254	0.36333671	0.14300203	1378	1959	0.91506851	0.60787672	56758	0.27073097	0.70638651	0.31498522	3.4033751	3.527113	1.5294359	28.708334	110.96875	22.677084	21.28125	119.77084	15.631579	32.229168	0.70857507	11.1	44.41354	1.5163646	50.78125	2.4104166	420.20834	0.69343752	0.12315625	0.4075	1.6698959	393.90726	217	154	97	148	65	283	39	139	122	145	3	1381.4856	7.8666668
118	0.00054338	0.93606234	0.032059409	882	1941	0.91355389	0.34098187	39653	0.65711868	0.27699131	0.26955509	3.1564102	2.892381	2.7833333	15.4	49.799999	11.8	14.4	33.799999	12.8	13	1.610958	11.16	44.099998	1.944	55	2.78	1000	0.792	0.2446	1.056	3.21	760.00366	302	124	125	140	212	476	296	505	296	160	3	1473.3829	7.5999999
119	0.081804514	0.4981955	0.16541353	980	1942	0.71984714	0.24456652	36208	0.2938042	0.27671415	0.30229163	2.6137598	2.9407408	2.785238	11.083333	54.583332	18.166666	13.25	53.916668	2.5833333	4.6666665	0.69083458	11.216666	43.900002	1.575	47.666668	2.2916667	618.33331	0.76083338	0.12316667	0.76916665	3.0450001	407.5	183	60	116	82	274	276	569	439	306	112	3	1818.7264	8.7799997
120	0.36057466	0.53980219	0.031323597	920	1947	0.85722822	0.26702508	30486	0.66879767	0.64716172	0.66800505	2.382267	2.2288296	3.0054972	31.466667	120.53333	25.466667	26.533333	106.24445	19.533333	26.40909	1.8888528	11.27234	43.968086	1.906383	51.595745	2.5361702	626.17023	0.74765956	0.1376383	0.84510636	3.0802128	679.23138	122	120	77	112	225	352	304	308	268	132	3	1681.5376	7.75
121	0.019278748	0.79587209	0.13880698	1056	1939	0.79281348	0.20833333	25542	0.71268952	0.68072408	0.70821989	2.9038463	2.3305554	1.25	43.142857	181.85715	30.142857	36.42857	123	24	33.857143	0.72575998	11.242857	43.628571	2.0614285	53	2.7142856	1098.5714	0.76714283	0.27142856	1.4728571	5.8428574	740.02991	291	30	232	93	408	621	115	656	439	139	3	1847.6052	9.3000002
122	0.022069465	0.49529666	0.37662807	860	1947	0.61284512	0.13985594	26033	0.78426051	0.76342869	0.78308266	1.6742424	1.7111111	2.8444445	13.75	109.25	28.5	9.875	67.625	4.75	5.125	0.88956869	11.2	43.700001	1.6912501	48	2.3125	1012.5	0.81	0.12875	0.93875003	3.7125001	0.00001275	230	97	132	116	262	508	139	489	319	142	3	1898.6268	9.3000002
123	0.059689615	0.37345803	0.30521289	785	1950	0.55389005	0.10742327	21570	0.21043772	0.20357038	0.22148722	2.6662657	2.6492498	2.0265701	26.032259	103.45161	22.387096	20.612904	92.80645	19.222221	19.9	0.49288487	11.203125	43.828125	1.8571875	50.71875	2.54375	1355.2813	0.72843748	0.17399999	1.336875	4.2375002	542.19257	259	288	136	255	329	479	473	354	384	272	3	1972.9607	9.2749996
124	0.064545453	0.59409094	0.24757576	778	1946	0.79249328	0.13512065	28838	0.084441714	0.091918513	0.089051768	2.8565006	2.5006733	1.5302149	24.971153	93.004807	16.73077	20.985508	80.82692	13.085107	19.173914	0.27718839	11.184434	43.748112	1.9749717	52.183964	2.6801887	1153.585	0.74669808	0.3988632	2.1071227	6.2826414	424.74731	244	177	228	193	516	749	509	762	581	244	3	2177.6714	9.7857141
125	0.12944114	0.53735358	0.16420203	895	1951	0.75902438	0.17495935	33734	0.01828721	0.96930438	0.021017917	2.7166667	2.415344	1.5	10.666667	67.111115	12.222222	11.555555	57.888889	4.2222223	8.8888893	1.3445883	11.144444	44.033333	2.0533333	52.111111	2.6777778	1070	0.70666665	0.25666666	1.9877777	3.3166666	155.59964	181	79	88	89	213	309	381	274	256	111	3	2141.4314	9.3999996
126	0.6917305	0.055494763	0.1417852	1026	1951	0.86206096	0.22749476	44615	0.22293372	0.22586721	0.82345134	3.1944444	3.1309524	1.6111112	23.166666	74.666664	12.333333	17.333334	68.5	3.5	8.166667	1.4034702	11.150001	44.166664	1.8633333	52.166668	2.6666667	900	0.83999997	0.52333331	2.4449999	3.2	50.002018	64	64	8	53	15	77	62	91	38	51	3	2341.2722	9.46
127	0.48540249	0.17304422	0.25651929	990	1948	0.86427099	0.20965897	49164	0.084421128	0.083367549	0.16098987	3.2453821	2.8964286	1.5284091	44.423077	128.88461	18.038462	27.461538	118.57692	16.884615	27.192308	0.75762367	11.1	44.189285	2.0121429	54.464287	2.7642858	890	0.78071427	0.68778574	2.9239285	4.2732143	421.55945	102	28	14	32	30	171	74	158	74	37	3	2359.677	9.6857138
128	0.82234472	0.030951876	0.076955691	1109	1949	0.92820042	0.33669415	56592	0.94093031	0.94048661	0.97524506	3.3826506	3.2733099	1.962963	70.181816	203.45454	37.090908	52.090908	194.90909	35.545456	51.81818	1.1982977	11.172728	44.136364	2.4981818	59.363636	3.0727272	799.09088	0.7590909	0.59818184	2.6345456	4.8727274	790.91193	18	22	10	19	19	71	114	35	43	22.5	6	2487.7095	9.4750004
129	0.42615423	0.10128112	0.23060189	1016	1958	0.78496867	0.30375782	58546	0.25402138	0.27967209	0.3616581	3.9535828	4.0419049	2.3119047	29.133333	109.66666	17.266666	22.466667	94.199997	14.133333	24.133333	2.7138681	11.09375	44.475002	1.651875	51.6875	2.48125	613.75	0.58937502	0.1513125	0.66062498	1.921875	837.51978	118	124	67	112	49	157	210	65	94	110	3	2050.8638	9
130	0.68104428	0.045970488	0.0440787	1111	1958	0.81265885	0.30528724	55636	0.47862428	0.48956704	0.91358185	3.9118114	4.154902	1.9940476	42.666668	153.22223	20.388889	34.777779	117.61111	21.944445	39.4375	3.1188488	11.11	44.404999	1.8225	53.599998	2.6300001	732.5	0.53299999	0.1926	0.71950001	2.2579999	670.02087	98.5	38.5	19	40	32.5	173	105.5	102.5	78.5	45	6	2074.5852	8.9499998
131	0.67037261	0.17277645	0.072115384	1058	1960	0.86334199	0.34455958	52969	0.96149951	0.9572798	0.97260106	3.2595785	3.3945146	1.663794	43.666668	142	23.313726	30.235294	145.64706	23.392157	35.098038	2.6807842	11.113208	44.598114	1.7792453	54.566036	2.6698112	927.9245	0.48113209	0.19469811	0.8333962	2.4201887	405.60422	37	28	15	26	19	41	113	21	34	27	3	2562.0034	9.3000002
132	0.91949153	0.054849342	0.008474576	1324	1978	0.91834599	0.39387596	57500	0.095856898	0.086782403	0.88087326	4.169991	3.1249053	1.6799604	29.878788	83.848488	13.875	21.60606	78.272728	15.666667	23.69697	1.8052846	11.039393	44.781818	1.9287878	52.242424	2.6333334	1320	0.37878788	0.3490909	1.5045455	3.331212	470.32327	24	34	9	28	7	27	21	8	14	26	3	3818.3572	8.6000004
133	0.73047775	0.11103789	0.12586491	1742	1959	0.96039218	0.7690196	96587	0.5814364	0.40356046	0.55132562	4.1206822	4.0652966	3.0608232	117.47771	313.83438	57.719746	77.36306	292.35669	68.792206	84.509674	0.47357681	11.37125	43.824375	3.1131938	62.90625	3.6312499	2039	0.57731247	0.27311873	0.97275001	6.9535003	812.39581	251	459	133	375	167	462	236	224	254	360	3	3983.7083	10.3
134	0.68075222	0.088274337	0.067035399	1279	1942	0.81074166	0.24296676	60530	0.88854164	0.75594509	0.78052598	3.1428571	3.5	1	28	50	28	8	50	12	8	1.0191565	11.5	44	3.6800001	60	3.5	710	0.85000002	0.54000002	4.9000001	6	310	399	202	128	205	96	803	56	320	286	215	3	6848.8345	10.025
135	0.37833333	0.43833333	0.091666669	1489	1945	0.9549585	0.63137102	62941	0.31477877	0.16596766	0.32009688	2.8711202	3.4627821	2.3247311	24.542856	103.44762	21.095238	21.323809	84.542854	16.115385	23.490385	2.8726754	11.333028	44.277981	1.6691743	49.42202	2.4128439	574.12842	0.77394497	0.15737614	0.60798162	1.9429358	628.64618	122	98	48	90	29	201	64	124	80	89	6	3115.3381	7.8499999
136	0.73771733	0.12736206	0.098639458	1131	1939	0.83547795	0.38419119	52813	0.60379928	0.5198136	0.57709694	2.2666667	2.9722223	1.3619047	35.125	128.25	19.25	18	101.375	17.25	28.375	0.49999803	11.2625	43.512501	2.4024999	55.625	3.1125	1906.25	0.79000002	0.49812499	1.3049999	8.5500002	450.03781	64	178	56	144	137	375	71	243	196	151	3	3138.9692	10.5
137	0.79758149	0.071503684	0.030494217	1519	1939	0.97169811	0.8018868	89643	0.72631609	0.7826103	0.77543026	3.7777777	4.1999998	5.2083335	85.333336	253.66667	40	47	229	42.666668	54.333332	1.3524204	11.166667	44.200001	2.0866666	54.333332	2.8999999	1169	0.62333333	0.18666667	0.48333335	3.4733334	83.587067	96	188	45	151	55	201	131	8	101	145	3	1400.4918	8.0500002
138	0.7971223	0.10935252	0.046043165	1603	1955	0.98237479	0.82745826	148438	0.015167256	0.36611885	0.36661202	3.125	3.125	1	5	28	5	5	34.5	2.5	14	2.0455077	11.1	44.400002	1.03	43	1.9	130	0.80000001	0.082999997	0.098999999	0.20999999	2.4000001	91	147	64	125	72	166	137	23	103	123	9	1691.059	7.9000001