1	0.026057143	0.86194283	0.093485713	1098	1985	0.90977699	0.37530017	59773	0.92318654	0.020308858	0.92393017	3.3333333	5.1666665	2.5	2.8333333	26.333334	4.6666665	5	25	1.1666666	6.1666665	2.4800062	11.42	43.169998	1.207	56.799999	4.3800001	440.10001	0.059900001	0.0109	0.58899999	0.46599999	0	134	108	208.5	130	151.5	186	117.5	264	159	134	6	220.03979	9.75
2	0.042941343	0.83918047	0.062026381	895	1976	0.86737525	0.25646949	43833	0.16442178	0.12226737	0.14712653	6.1999998	6.5999999	5.1999998	41	106.2	7.1999998	18.6	148.39999	21.6	37.599998	2.8181553	11.411688	43.363636	1.321039	58.350651	4.5948052	711.66235	0.058987014	0.011077922	0.83283114	0.6037662	0.013245586	179	177	255	193	236	164	296	320	224	197	3	224.87846	9.8000002
3	0.012885971	0.85922682	0.054947726	849	1989	0.87280333	0.26066947	32414	0.94615126	0.94277722	0.94387519	3.7121212	4.7285714	2.884058	7.6351352	37.567566	5.9594593	3.9054055	27.459459	4.6216216	6.8783784	2.2129402	11.411377	43.361679	1.2934821	58.1497	4.8002992	834.16467	0.063473053	0.010970958	1.0423952	0.63617063	0.22915125	224	181	259	200	227	237	239	252	231	204	3	304.39481	9.8000002
4	0.56694305	0.17445758	0.13265125	1179	1980	0.97729933	0.73227239	61542	0.76589739	0.67186737	0.54169434	4.2276421	5.8140163	7.5745258	16.338842	68.12397	4.4903584	8.3471079	80.887054	10.484848	18.842976	3.7849238	11.496272	43.991665	1.8445592	57.649124	2.6740131	2490.2412	0.045752194	0.012319408	0.40351316	0.35632676	0.14076419	200	225	189	216	96	216	113	68	130	204	6	335.84091	9.6999998
5	0.20580533	0.32671323	0.1671759	1172	1991	0.88399142	0.67033976	66117	0.3212108	0.27582523	0.40473756	4.1111112	5.6386557	7.4224138	22.42742	116.87904	5.3951612	11.67742	137.70967	12.645162	22.024193	4.4118629	11.465958	43.953831	1.6739808	56.346809	2.5648937	1928.6809	0.036205746	0.012455319	0.26464254	0.3174234	0.20539169	332.5	314	199.5	293	129	339.5	101	103	183	278.5	6	273.55899	9.4333334
6	0.4445864	0.4156819	0.069626316	1064	1998	0.98535287	0.67665333	81528	0.29853752	0.52796704	0.25970721	6.590909	5.6666665	4.7777777	11.625	57.625	6.25	7.125	62.375	6.125	15.75	0.6254434	11.491526	43.902542	1.6832204	57.576271	2.8966103	2957.2881	0.039864406	0.01271017	3.1233051	1.5497458	0.22677882	183	198	174	192	121	140	153	110	129	184	3	1778.6385	10.166666
7	0.51344317	0.16500434	0.017129228	1305	1997	0.98362023	0.67518044	77895	0.79050231	0.5295006	0.74669027	7.2203388	5.7033896	5.0858369	24.462151	110.0239	5.7609563	11.366534	120.13546	12.171315	25.458168	2.8065941	11.495434	43.979603	1.732551	56.780823	2.6012175	1869.6576	0.039662559	0.012373516	0.78615218	0.47951293	0.19613178	260	349	178	307	85	145	105	22	102	280	6	382.37909	9.7333336
8	0.45977792	0.38817132	0.10038523	1217	1993	0.99793267	0.74246901	67489	0.28740615	0.27072805	0.24324086	7.0310078	5.6744184	5.3305783	18.298851	66.126434	6.0804596	9.8160915	89.563217	8.367816	21.321838	1.6439224	11.494812	43.924385	1.7082529	57.053177	2.7070038	2278.7678	0.045614917	0.01274332	1.7656044	0.76464462	0.19437504	152	95	172	115	51	67	85	49	59	108	3	516.24451	9.8666668
9	0.78044009	0.09144254	0.052811734	1071	1950	0.99155098	0.80567288	87889	0.63708293	0.47499117	0.29437563	7.4761906	7.6904764	5.9404764	63.272728	119.83839	9.151515	19.202021	145.39394	27.282827	45.323231	2.6668084	11.598064	44.320644	1.7885807	59.974194	2.8967741	1440.9678	0.5315097	0.010161935	1.0429032	1.3796774	7.11028E-05	242	178	151	178	109	64	151	24	100	168	3	345.66577	9.8500004
10	0.87015176	0.035172246	0.035894964	1238	1939	0.97477847	0.80811179	113088	0.19219603	0.1529119	0.10747884	8.8235292	7.8823528	6	22	55.324326	6.0540543	11.621622	68.810814	18.594595	48.486488	2.4097729	11.597917	44.345833	1.6254166	57.645832	2.7666667	1003.1875	0.52562499	0.010145833	1.3345834	0.81999999	8.43729E-05	102.33334	76	91.333336	81.666664	28	25.333334	90.333336	29.333334	33	75.666664	9	356.27682	9.7666664
11	0.8745144	0.028749028	0.028749028	934	1945	0.99576944	0.85933369	78681	0.72756207	0.25675133	0.2333364	8.6341467	7.8048782	5.9756098	54.509434	111.09434	9.9245281	20.245283	144	30.264151	49.433964	2.0565324	11.589656	44.264366	1.7503449	58.977013	2.8724139	1160.1609	0.46964023	0.010362069	1.3555173	1.0473564	0.010513827	202	166	134	163	89	40	145	9	80	152	3	360.858	9.8000002
12	0.4829047	0.38910741	0.054462936	898	1953	0.88454378	0.47486034	55208	0.54766804	0.44477141	0.49700457	5.3023257	3.2456141	4.1578946	42.063492	111.07937	10.825397	20.507936	136.77777	24.746031	54.047619	1.4152205	11.59804	44.296078	1.8013725	58.666668	2.8911765	1365.2941	0.43804902	0.010709804	1.5755882	1.0441177	0.000197644	302	169	244	196	249	305	115	393	253	203	6	390.41968	9.75
13	0.55356342	0.36441058	0.024652623	873	1949	0.89549547	0.57237238	53833	0.099848717	0.082900591	0.06695319	3.4054055	3.5897436	4.2972975	17.854166	48.270832	4.2708335	8.625	45.520832	12.166667	39.958332	2.1397312	11.593221	44.277966	1.6606779	57.847458	2.9338984	1552.8813	0.48576272	0.010288135	1.1137288	0.82288134	0.045896865	308	165	260	197	276	327	130	357	276	207	3	385.99893	9.6999998
14	0.36041141	0.55079764	0.04366079	755	1957	0.88586134	0.51710564	57204	0.34112576	0.27486771	0.21752596	3.5142858	3.8571429	4.3714285	25.34091	68.795456	7.181818	12.340909	71.63636	11.522727	33.613636	2.7258878	11.593637	44.25909	1.5152818	56.590908	2.8145454	968.65454	0.48236364	0.010129091	0.76599997	0.77390909	0.048068438	530	152	241	204	273	562	74	526	335	221	3	422.04492	9.5249996
15	0.46601275	0.48012391	0.022027189	1090	1952	0.90164274	0.48242879	66536	0.35323659	0.39759302	0.34685507	4.9568968	3.0344827	3.9043479	18.888889	53.301586	4.2460318	11.428572	50.753967	9.0555553	25.444445	1.2056798	11.594406	44.237762	1.7609091	58.503498	3.0769231	2596.2937	0.42041957	0.010617482	1.4198601	0.71111888	0.020154621	447	225	246	249	258	464	82	426	298	255	12	470.46826	9.6750002
16	0.80687016	0.095638208	0.03422711	1597	1979	0.97656673	0.76675749	99928	0.25152433	0.061367828	0.075387217	6.0117645	6.8117647	6.8117647	6.9647059	39.929413	5.682353	5.0588236	42.44706	6.9294119	19.623529	2.1350482	11.417431	44.330276	1.4689908	56.3578	2.6440368	3018.8074	0.063596331	0.011013761	1.0564587	1.0149541	0.007571023	50	142	80	121	55	48	69	43	54	112	6	863.51245	9.333333
17	0.62742805	0.1050784	0.080973558	1198	1973	0.94204259	0.67888469	67850	0.82443303	0.050532311	0.078495115	4.90625	6.6875	6.78125	10.851064	79.914894	10.106383	9.6170216	110.42553	5.9148936	17.042553	1.0002997	11.497	44.438999	1.2241	55.299999	2.4359999	814.59998	0.197329	0.010308	0.7245	1.5561	0.02813811	164	346	121.66666	285	155	276	61.333332	297.66666	180.33333	271.33334	9	1132.3057	9.3999996
18	0.86406058	0.017432647	0.023419617	2625	1973	0.99162012	0.81615031	152011	0.52055246	0.4331485	0.45218456	8	6	8	1	10	1	2	18	6	15	2.884253	11.4	44.200001	1.02	52	2.0999999	130	0.017999999	0.011	0.61000001	0.25999999	0.0014	9	79	31	63	12	9	21	4	12	56	3	945.61707	9.3666668
19	0.38537833	0.051351782	0.07278835	1483	1998	0.9505893	0.83567542	97894	0.88508606	0.87322587	0.09357962	7.6766915	5.8120298	7.5187969	23.658823	106.82941	12.758823	17.835295	197.04118	7.852941	25.076471	3.9017296	11.414317	44.17897	1.5045861	56.624161	2.5140941	1274.7808	0.04579575	0.011093289	0.29538926	0.46109173	0.12364879	144.5	302.5	108	249.5	34.5	119	20	39.5	56	224	6	812.59357	9.3000002
20	0.57965279	0.16734746	0.033954557	1445	1998	0.97364974	0.82978725	84889	0.20875736	0.16688631	0.72463435	5.6732674	5.552381	6.0673075	22.706423	85.486237	8.7522936	13.256881	117.60551	10.743119	23.825687	3.3224764	11.412576	44.263744	1.4834216	56.213356	2.5100608	1356.1327	0.053333566	0.011013703	0.33566087	0.53758371	0.10702673	99	217	85	180	22	83	13	29	38	161	3	826.91742	9.3000002
21	0.37401447	0.38403416	0.078679368	1288	1996	0.97892022	0.67562914	55709	0.42149952	0.26644024	0.34357947	7.5061727	5.7975459	7.5864196	7.311111	41.644444	5.2740741	4.4518518	37.474075	6.8000002	18.681482	2.3115106	11.412522	44.300545	1.4603158	55.945553	2.5332124	2654.0017	0.04776806	0.011122504	1.0211216	0.83676952	0.090404563	186	346	130	289	49	128	33	39	69	260	3	956.36517	9.333333
22	0.10458857	0.38554215	0.43476033	1004	1976	0.63647962	0.32950681	46985	0.34071335	0.13462551	0.12808818	3.375	4.96	5.5416665	17.629629	69.185188	9.8888893	8.7777777	65.333336	8.7777777	21.037037	2.0856993	11.488021	44.395832	1.6315104	57.026043	2.7848959	3069.6355	0.13759427	0.010401563	0.61975002	0.96782815	0.002069976	282	175	131	176	166	396	17	117	213	180	3	1247.0737	9.5
23	0.79220068	0.034633216	0.080174528	1403	1960	0.93064219	0.78385323	119297	0.28519478	0.1430746	0.13419954	9	7	7	15	63	12	3	35	3	10	0.89080805	11.5	44.5	1.3866667	55.666668	2.4666667	1326.6666	0.27666667	0.010333333	0.33666667	0.88999999	0.000259167	124.75	148.25	123	141	79.75	226	59.25	94.75	117	138	12	1214.4677	9.3666668
24	0.66421968	0.050299075	0.16258836	1303	1994	0.90852541	0.75192094	104226	0.54154593	0.60013705	0.5176422	3.9523809	4.6190476	5.2380953	21.956522	78.260872	9.26087	13.217391	150.73914	8.304348	29.869566	2.5627062	11.590909	44.354546	1.7712121	59.090908	2.8121212	2149.0908	0.12215152	0.010763636	0.50818181	0.46242425	0.001295291	74	80	98	83	14	77	11	23	31	76	3	389.23657	9.6000004
25	0.14450586	0.11150845	0.66856307	1179	1985	0.64503205	0.32799146	47616	0.58011264	0.5964669	0.58434486	5.3333335	5.3333335	5.1111112	35.42857	99	9.1428576	14	206.85715	15.285714	48.42857	3.0297835	11.583529	44.423531	1.7368352	58.764706	2.8129411	2058.9412	0.102	0.010977647	0.44055295	0.38517648	0.12707847	185	178	145	172	61	427	9	45	154	169	3	507.11584	9.5333338
26	0.64968705	0.13533348	0.04748543	1177	1982	0.9893617	0.76568466	69215	0.53789949	0.45519117	0.50369453	5.1276598	6.0106382	5.1170211	21.286486	76.221619	8.9135132	9.4216213	95.718918	8.5783787	23.6	2.3209901	11.587016	44.380409	1.7466081	58.671982	2.7931662	2330.6174	0.14474624	0.010372438	0.54869932	0.38013667	0.006496992	187	202.5	175.5	195.5	72	153	45.5	41	90.5	182	6	334.11884	9.6999998
27	0.70799059	0.097924009	0.032706618	1457	1989	0.95905834	0.81115663	58519	0.63612062	0.29576674	0.32855248	5.3166666	5.9672132	5.2622952	19.515152	71.393936	6.848485	10.893939	92.545456	9.712121	34.090908	2.6204572	11.590877	44.452919	1.5874088	58.083942	2.7058394	1029.8394	0.219	0.01019416	0.49018613	0.59777737	0.001202416	160	114.66666	131	122.33334	46	147.66667	43.666668	33.666668	73	115.66666	9	321.1795	9.6333332
28	0.62252504	0.21077283	0.046838406	1265	1986	0.97044063	0.70803124	58000	0.43534273	0.25373045	0.35504544	5.1721311	5.9430895	5.7851238	19.476191	81.761902	8.1031742	11.365079	105.59524	9.6269846	22.833334	3.232816	11.587333	44.442612	1.6836084	58.568138	2.7925143	2080.3684	0.14867562	0.010957197	0.37120345	0.41716123	0.020758038	152	179	131.66667	167	61.666668	163.66667	42	56.333332	87	157	9	686.48743	9.5
29	0.48368147	0.26697129	0.12679504	1163	1974	0.89860141	0.61263734	69509	0.3624936	0.14717686	0.14768732	4.9467454	5.8705883	6.7633138	9.4698792	39.445782	4.6325302	4.6746988	30.95783	4.6024098	13.825301	2.354665	11.510427	44.507484	1.6475267	57.112301	2.6826203	3306.7996	0.13996819	0.010609091	0.7262674	1.1289492	0.25767979	122	115	100	112	47	25	84	20	44	104	6	1268.8773	9.5
30	0.38690358	0.25034937	0.23777202	982	1981	0.88611275	0.49796629	41481	0.30712405	0.26298028	0.17159534	4.8813558	5.6999998	6.3166666	12.949153	55.203388	5.2881355	6.9152541	64.711861	7.0508475	16.084745	1.8697371	11.479881	44.509468	1.515219	55.994083	2.618639	2950.1833	0.064296447	0.010213017	1.7658994	2.0280089	0.12234941	189	196	169	190	96	153	122	39	113	180	3	1531.8047	9.5
31	0.61843109	0.16374715	0.064356439	1171	1970	0.97074538	0.77155942	81033	0.42403868	0.38604844	0.34985119	4.9487181	5.6666665	6.5128207	9.5600004	42.080002	4.6799998	6.1599998	45.52	6.2399998	17.440001	2.2132549	11.487684	44.470936	1.5195173	56.182266	2.7118225	3310.458	0.10753694	0.010829064	1.1044285	1.5892808	0.017319385	84.5	105	108	104	61.5	36	96	33.5	58	97.5	6	1525.5184	9.5
32	0.54568213	0.33988914	0.023064544	1394	1980	0.96801853	0.68760139	68837	0.23365434	0.38055936	0.19411987	5.030303	5.9242425	6.878788	7.530303	58.89394	6.7727275	6.8030305	103.10606	3.1060605	14.424242	1.5614101	11.491567	44.533737	1.3698072	56.240963	2.7518072	2314.4216	0.075045779	0.009895181	2.2552528	1.4971085	0.11665125	140	225	110	195	80	101	118	97	90	181	3	1774.7538	9.333333
33	0.43641353	0.1189387	0.34080511	1194	1967	0.80740738	0.51582491	63690	0.49896467	0.48403659	0.19647749	5.2857141	6.2857141	7	23.299999	67.599998	6.1999998	8.1999998	71.199997	10.9	22.5	1.0446122	11.417143	44.560001	1.4931428	55.799999	2.6685715	2632	0.061999999	0.010162857	1.9480001	2.2154286	0.002685755	57	146	103	129	65	19	99	22	55	120	3	1665.0649	9.3500004
34	0.80043149	0.088457391	0.018338727	1321	1967	0.98407078	0.90159291	86366	0.76576936	0.69197065	0.30153951	5.8434782	6.3418803	5.3162394	23.844595	73.418922	6.5945945	12.560811	67.358109	12.97973	35.317566	2.5105145	11.595954	44.363007	1.5748814	57.433525	2.7161849	887.43353	0.4709	0.010843352	0.79748553	1.3158671	0.001522435	89.5	83.5	103.5	88	26.5	42.5	40.5	31.5	32	80.5	6	334.41287	9.8000002
35	0.42566258	0.13655463	0.059954751	1483	1987	0.97699118	0.80619466	38944	0.33346802	0.26774058	0.24128334	5.369863	6	5.0540543	11.823529	58.082352	4.5764704	11.176471	51.070587	8.0705881	30.341177	2.8307176	11.590556	44.431667	1.4658889	56.472221	2.6594443	669.12219	0.25204444	0.010398889	0.57931113	1.2806166	0.003192711	47.5	154	74	128.5	100.5	211	105.5	54.5	130	128.5	6	325.04816	9.6000004
36	0.8675378	0.036382269	0.014860364	1133	1955	0.99093217	0.89771491	151037	0.57166708	0.49869031	0.4197714	6.25	6.75	5.5	35.083332	103.75	8.666667	17.833334	74.333336	22.666666	39.333332	3.0358975	11.588236	44.358826	1.6258824	58.235294	2.7823529	1517.5294	0.41035295	0.010452941	0.66941178	1.5841177	6.68706E-05	32	38	71	44	11	18	23	24	14	40	3	333.9411	9.666667
37	0.031841431	0.92276216	0.027237851	1406	1998	0.93548989	0.37088677	73042	0.42408636	0.37379229	0.29538453	3.7261117	2	3	1	12	1	0	5	0	4	2.0587251	11.5	43.900002	1.385	53	3	770	0.14	0.00955	1.55	0.815	1.95	256	186.5	213.5	198.5	167.5	301	80.5	309	197	198	6	3405.7571	9.4666672
38	0.16003864	0.77217841	0.014007406	1001	1969	0.88506627	0.39347604	45077	0.53315389	0.16088739	0.48949566	3.1846154	2.6417911	3.590909	17.27907	51.604652	5.1627908	8.8837214	39.906979	10.395349	32.255814	2.5219517	11.592624	44.180328	1.5581148	56.368851	2.9418032	1746.6968	0.37609017	0.010013934	0.88860655	0.51508194	0.006031305	356	229	280	250	232	341	180	364	258	251	6	485.76041	9.6000004
39	0.30072013	0.59746712	0.046188228	1013	1967	0.87909007	0.4668121	69036	0.28777716	0.31476858	0.25644225	3.7750001	3.2916667	4	29.415384	82.353844	7.0153847	14.153846	69	14.292308	32.523075	1.7252904	11.590567	44.158489	1.522368	56.066036	2.9669812	1420.5471	0.30245283	0.010136792	1.2463207	0.52820754	0.064271957	170.33333	192	221.66667	195.66667	193.33333	200	191.33333	279.66666	195.66667	195.66667	9	581.92596	9.5666666
40	0.8896392	0.017750338	0.032027785	1778	1939	0.98803079	0.85095471	149450	0.63019758	0.46108428	0.41393608	7.6279068	7.6279068	6	44.945454	93.890907	10.272727	13.836364	122.81818	19.836363	48.290909	1.7465155	11.592778	44.298332	1.8015555	59.277779	2.853889	1950.0778	0.44454446	0.010555555	0.88632774	1.1063944	0.12702005	133.66667	114.33334	118.33334	117	54.666668	77.333336	105.66666	41	65.666664	110.33334	9	341.1712	9.8500004
41	0.88172555	0.03995543	0.02913085	1247	1953	0.98614317	0.82259083	116094	0.68191165	0.49551383	0.40448144	7.7342658	7.7430553	5.965035	41.887417	89.64901	10.364239	11.662251	117.70861	25.13245	53.218544	1.3761994	11.592056	44.296261	1.9319159	60.308411	2.9682243	1581.9205	0.43478504	0.010903738	0.76801401	1.3304205	0.031623557	190	79.5	116.5	97	44.5	22.5	55.5	14	39.5	89.5	12	349.58466	9.9399996
42	0.82825482	0.10858726	0.019944599	1580	1972	0.98277098	0.81765974	91857	0.48329443	0.52818698	0.37227494	7.8490567	7.8113208	6.0094337	97.902435	223.47968	18.894308	38.609756	159.67479	64.878052	70.707314	1.7076024	11.59661	44.247459	2.8764408	69.429382	3.6983051	3976.4407	0.2982938	0.010908474	0.74723166	2.7947457	0.034772199	84	218	115	186	73	74	67	27	72	171	3	394.11273	10
43	0.65936828	0.19723618	0.05850682	1341	1984	0.99669546	0.83350277	85750	0.46235621	0.4298259	0.2841534	6.781065	5.5838151	5.9421964	78.397377	199.86026	13.816594	37.720524	189.68559	51.048035	51.039303	1.3845391	11.591575	44.206654	2.6701775	66.252769	3.5008869	5529.7495	0.22358869	0.010887361	0.7921508	3.4248338	0.038648088	353	263.5	166	251.5	152.5	260	94	181	176	242	6	404.81271	10
44	0.47070867	0.15716535	0.059212599	1389	2004	0.9621188	0.81316215	50969	0.44020179	0.34858751	0.33223528	6.6510539	6.1428571	5.8888888	71.731163	183.10387	11.484725	38.054989	209.47455	47.822811	53.331974	0.79272008	11.590945	44.17992	2.5140445	63.447506	3.3748031	5511.0776	0.18330105	0.011712073	0.79205775	4.509861	0.097049028	436	240	149	239	147	509	33	270	235	238	15	533.78442	10.1
45	0.54817516	0.098175183	0.043430656	1592	2003	0.99800533	0.8125	80132	0.30209029	0.21404125	0.60515857	7.0882354	6.602941	5.9848485	97.555557	247.50505	14.141414	47.747475	169.04041	62.555557	63.808083	1.3824569	11.595523	44.191544	2.9042289	69.268654	3.7318408	5735.0298	0.25175622	0.010966667	0.74378109	3.7419403	0.060943443	730	423	161	398	223	541	109	322	299	385	6	465.41519	10.1
46	0.71097338	0.081726357	0.037190083	1407	1997	0.96942353	0.80350876	99205	0.34949946	0.59890318	0.22593904	7.7339902	7.6985292	5.9313726	100.5685	242.31697	19.435583	44.523518	156.6319	66.58078	72.026588	1.8321592	11.595653	44.21357	2.925859	70.097496	3.7484848	4231.4307	0.3094137	0.010974308	0.71492487	3.01127	0.031752482	404.5	405	182	360	239.5	348.5	184.5	157	262.5	347	6	409.39951	10
47	0.75136477	0.11488834	0.061786599	1224	1987	0.9478395	0.77839506	58603	0.36986318	0.49932429	0.43901813	6.3931623	7.6068377	5.9444447	119.77333	284.95667	20.456667	52.880001	195.19	64.353333	85.419998	1.8725752	11.595064	44.201828	2.9807129	70.436928	3.7897623	6671.8594	0.26404935	0.010997806	0.80129796	3.0984204	0.010366529	468	270	130	260	111	330	70	132	166	247	3	402.13962	10.1
48	0.640908	0.17507848	0.065926105	1228	1984	0.99570322	0.90403897	83063	0.52463418	0.3220714	0.32536438	7.3881989	7.7160492	5.9814243	114.19899	285.14609	18.062973	53.133503	159.03778	68.448364	71.871536	1.6246073	11.596021	44.198788	3.0955536	71.735291	3.9129758	6787.3633	0.26169205	0.010973529	0.7745623	3.3859515	0.008481025	516	381	165	350	183	438	109	186	245	336	3	435.03476	10.1
49	0.5860365	0.23372717	0.093018264	1113	1948	0.94037569	0.70187855	66223	0.41091907	0.43301246	0.47290945	5.7748094	7.8129773	5.9732823	116.25153	257.09509	21.846626	43.414112	181.45093	58.613499	87.276077	2.2555592	11.594213	44.255093	2.6090531	67.011574	3.4724536	3505.5022	0.32691529	0.010558333	0.90680093	2.321389	0.002169575	520	241	188	255	134	294	79	104	172	244	3	380.68198	10
50	0.85708022	0.031126698	0.029811487	1216	1981	0.98468846	0.81467795	86333	0.97503811	0.97181833	0.97692955	7.6861315	7.7445254	6	84.107346	170.09039	17.672316	28.028248	187.46327	43.920902	68.158195	2.4186807	11.596897	44.281033	2.1116552	62.503448	3.1075861	1532.8069	0.45094138	0.010922759	0.92789656	1.8145173	0.002270599	350	240	189	239	132	161	151	27	140	227	3	359.97931	10
51	0.71468621	0.10243692	0.12184602	949	1939	0.95727676	0.7152701	63464	0.91034061	0.8849932	0.87282467	7.547945	7.7214613	5.9585252	84.484848	163.25757	14.931818	26.469696	194.80302	39.636364	56.935608	2.4473271	11.595715	44.283569	1.8512381	60.307144	2.9519048	1354.0048	0.50055879	0.010179286	1.0178952	1.5012857	0.028647142	348	192	154	198	86	290	52	115	138	190	3	353.37613	9.8999996
52	0.44266728	0.43748593	0.053390402	1377	2002	0.97801578	0.69306654	60069	0.59967756	0.53498304	0.37516442	3.6333334	7.4644809	5.938889	110.16459	237.30424	22.783043	37.042393	213.53117	49.296757	78.715714	1.9586047	11.592848	44.25182	2.3366654	63.639675	3.2438598	3889.4304	0.33260351	0.010963563	1.091807	1.9814899	0.046403732	674	319	225	332	287	521	139	310	336	332	9	391.26947	9.8999996
53	0.43680811	0.46056274	0.031595942	911	1990	0.92245138	0.58814985	42159	0.38674694	0.42678347	0.36164409	3.9479167	7.3367348	5.783505	130.82759	356.3793	27.172413	58.422413	222.09483	65.198273	89.103447	1.942544	11.596732	44.198692	2.9700263	69.996735	3.7777777	8821.9775	0.26495424	0.010948366	0.942451	3.0407844	0.083436474	275	93	124	115	102	388	30	151	173	123	3	415.18472	9.8999996
54	0.43735543	0.308404	0.058789514	1264	2001	0.89582378	0.62643415	62222	0.47427434	0.47652605	0.44748792	5.0629373	7.4055943	5.9860139	121.6478	367.89938	21.628931	62.037735	203.13837	67.119499	78.094337	1.6700236	11.594898	44.207142	3.0483944	70.656464	3.8435373	10047.149	0.2472415	0.01095034	0.93061227	3.3536735	0.069379963	620	342	174	333	259	640	35	455	343	334	3	458.73831	10
55	0.28030303	0.59659094	0.035227273	963	1998	0.90790188	0.39291552	51250	0.6326896	0.61494464	0.59576398	6.28125	4.96875	5.7419353	100.91489	341.1915	16.914894	56.212765	206.57446	59.148937	58.38298	1.3238828	11.596843	44.176842	2.9461052	69.673683	3.8284211	10992.011	0.21308421	0.011027369	0.94726318	3.9193685	0.22011584	326	235	173	231	312	572	49	559	360	248	3	490.81351	10
56	0.072666667	0.91266668	0	809	1965	0.68952006	0.14397649	27674	0.24116874	0.18959217	0.19397755	6	2.1875	3.4545455	23.772728	80.045456	3.0454545	13.340909	59.454544	17.568182	27.15909	0.72500008	11.587302	44.020634	1.8111111	57.761906	2.9333334	1531.746	0.34860316	0.011095238	0.82253969	3.5474603	0.30318618	150	175	286	195	526	552	208	1026	508	236	3	565.45813	10.133333
57	0.27872127	0.54805195	0.07332667	1116	2000	0.93642896	0.55223882	26059	0.63345546	0.64566106	0.58319438	3.9470589	7.0994153	5.9107141	128.93513	380.84323	28.102703	58.832432	257.11353	63.44865	90.427025	1.7450408	11.595368	44.196457	2.8966486	68.435966	3.7223434	10541.79	0.24458039	0.010975749	1.1952071	2.7772861	0.053147171	189	260	82	218	265	414	153	342	295	228	3	451.92374	9.8999996
58	0.51530397	0.36897275	0.032704402	1279	1995	0.93652391	0.63929468	63112	0.61803699	0.39960286	0.541825	3.3495934	7.4640002	5.816	114.36487	297.74326	27.047297	47.966217	213.18919	53.682434	87.141891	1.4700136	11.593899	44.213219	2.4417627	63.81356	3.3244069	6055.7866	0.29761356	0.011012881	1.3647051	2.1228135	0.12568584	502	268	173	269	193	424	73	303	245	266	3	422.78467	9.8999996
59	0.79578948	0.081503756	0.034285713	1293	1981	0.99050748	0.83789706	94079	0.19697127	0.089572988	0.17239749	8.3466663	7.7333331	5.9932885	86.741173	184.44118	18.741177	33.076469	208.75294	39.094116	72.141174	1.3340321	11.598608	44.291084	2.1994429	62.103065	3.124234	3254.5542	0.3528468	0.010953482	1.3806964	1.7473538	0.000271682	323	227	163	223	133	91	168	41	124	210	6	391.75061	9.8500004
60	0.59270519	0.35258359	0.036474165	873	1969	0.89462948	0.55404484	46467	0.52372563	0.26890361	0.47734869	4.1666665	3.4210527	4.6315789	44.076923	123.5	12.076923	22.538462	120.76923	22.73077	54.53846	0.91254246	11.587234	44.248936	1.8546809	58.978722	3.025532	2018.9149	0.39706382	0.010968085	1.6265957	1.0165957	0.002563234	540	203	227	237	180	238	134	159	191	231	6	401.98651	9.8000002
61	0.011498811	0.97977793	0.008723236	908	1953	0.81706434	0.22487347	36174	0.986453	0.009134001	0.98224986	3.3181818	2.6363637	4	11.379311	74.068962	5.8275862	13.689655	60.310345	9.8275862	14.379311	1.2340757	11.583871	44.032257	1.7474194	58.403225	2.9274194	2727.4194	0.45453387	0.010977419	1.2798387	1.7938709	0.003745323	341	214	323	247	512	730	167	917	542	286	3	545.64459	10.1
62	0.068171136	0.90314996	0.008932769	1042	1939	0.73132181	0.26293105	38519	0.82685304	0.7627213	0.1511409	3.1290324	2.2857144	3.7142856	7.1012659	56.670887	5.9367089	10.240506	52.050632	6.7341771	11.64557	1.3061483	11.597	43.954002	1.6676	57.16	2.914	2759.6001	0.55813998	0.011318	1.4297	1.4514	0.23887573	199	157	325	194	534	604	211	978	527	238	3	548.27551	10.1
63	0.55828458	0.33606237	0.05497076	1023	1974	0.94347382	0.68139774	77875	0.11681304	0.10214809	0.074773766	2.125	2.7777777	3.7777777	47.166668	152.16667	14.666667	23.083334	94	28.25	46.75	1.0217215	11.598001	44.144001	2.5114	63.740002	3.494	9406	0.389	0.010992	1.7128	2.0004001	0.000381284	366	194	186	208	177	235	116	191	187	205	3	536.74469	9.75
64	0.69796324	0.22702435	0.033283655	1132	1939	0.96249998	0.70749998	79250	0.39151573	0.36242768	0.31263012	3.0425532	3.3148148	4.1923075	45.916668	125.95834	13.152778	22.180555	96.25	23.902779	57.125	0.31807783	11.594083	44.182842	1.9695266	59.54438	3.1153846	3911.3433	0.45215976	0.011015976	1.9060947	1.0982249	0.15553725	373	238	182	239	183	163	189	133	178	231	3	473.90546	9.8000002
65	0.6746158	0.22239886	0.062179826	1480	1995	0.94216692	0.72205955	93580	0.4390572	0.53087407	0.42477909	2.0987654	2.9277108	3.9875	29.3125	92.40625	7.3854165	17.21875	77.40625	12.989583	39.583332	0.4165751	11.596695	44.19339	1.8109918	58.388432	3.0115702	2671.4958	0.4567686	0.011055372	1.8538016	0.99512398	0.11936139	262	92	191	127	191	244	112	264	199	136	3	509.03433	9.7333336
66	0.63885051	0.24785852	0.044211108	1237	1946	0.99547172	0.78716981	93456	0.54816443	0.3063468	0.26630896	2.7575758	3.4545455	4.3030305	16.170214	57.553192	5.5957446	13.425532	56	15.510638	32.680851	0.51456213	11.594737	44.190788	1.7821053	57.539474	2.9763157	2767.2368	0.45061842	0.011032894	1.9207895	0.9244737	0.002050574	299	211	209	218	218	173	202	246	205	216	3	575.35284	9.6333332
67	0.16268191	0.78170478	0.007796258	1105	1943	0.80599368	0.35252365	31625	0.20047532	0.16777205	0.15677959	2.2222223	2.8	5.2222223	11.588235	47.058823	5.647059	6.8235292	43.64706	10.941176	16.705883	0.43246806	11.59	43.920002	1.9566	58.400002	3.2033334	2921.7334	0.384	0.010666667	2.3269999	1.4153334	1.9634497	644	208	324	270	498	821	109	929	552	307	3	566.39435	9.8999996
68	0.026900906	0.90419984	0.058742795	903	1951	0.83043838	0.22704715	35549	0.80002582	0.15502925	0.80482167	3.75	2.3913043	3.5925925	5.174603	39.285713	5.5555553	6.8571429	39.698414	4.7619047	10.285714	1.3650843	11.594445	43.92889	1.4461111	55.200001	2.781111	2215.2222	0.58212221	0.010986666	1.5496	0.99222225	0.0107859	640	113	335	204	413	714	58	802	464	238	3	546.10291	10
69	0.010910058	0.97126132	0.003991485	1040	1951	0.80439043	0.22971384	29276	0.048613954	0.9392826	0.95585507	2	2.4000001	6	3.8333333	40.833332	6.6666665	6.6666665	41.666668	5.1666665	9.333333	1.1203156	11.6	43.883335	1.355	54.666668	2.7166667	1663.3334	0.63333333	0.011	1.9166666	0.95166665	0.0115	539	153	344	226	498	747	161	916	537	266	3	539.18774	9.9750004
70	0.052884616	0.890625	0.013822115	788	1959	0.78571427	0.23265307	27115	0.33216596	0.28298989	0.2731967	2.3333333	2.6666667	5	4.5714288	32.857143	4.8571429	4.7142859	38.142857	9	14.428572	0.72029346	11.592857	43.921429	1.6285714	56.142857	2.9428573	1590.7142	0.5057143	0.0105	2.2049999	1.125	0.33420071	646	166	337	243	482	763	117	1012	529	280	3	554.73517	10.05
71	0.14959797	0.77253491	0.021371139	1201	1952	0.76879197	0.28489932	39274	0.69650674	0.55472535	0.54905355	2.7	3.3	5.8000002	9.2307692	32.846153	4.8461537	4.4615383	40.23077	8.5384617	17	0.79278243	11.592308	43.938461	1.8038461	57.46154	3.1692307	2045.3846	0.50153846	0.010384616	2.6784616	1.4676923	0.17460378	391	134	300	190	314	493	86	610	344	210	3	594.56976	9.8500004
72	0.15285099	0.81600386	0.010541447	958	1946	0.84553391	0.29617193	36250	0.93203557	0.09675061	0.097239934	2.8333333	3	5.1666665	1.6428572	18.642857	3.4285715	2.4285715	17.214285	1.6428572	7.2142859	0.60179746	11.58125	43.799999	1.57875	56	3.1875	1666.25	0.4424375	0.011	2.8118749	1.600625	1.3200361	452	183	328	236	445	786	55	835	503	271	3	536.00726	9.8999996
73	0.020012507	0.93683553	0.042735044	817	1963	0.76051891	0.17987378	26436	0.45184052	0.43457523	0.41634297	3.75	3.25	4	2.4285715	23.857143	3.7142856	3.7142856	29.714285	2.1428571	10.142858	1.6982257	11.516666	43.849998	1.61	56.099998	3.3833334	2730	0.28256667	0.00968	2.0829999	3.5883334	0.02429652	527	119	342	200	435	567	142	780	446	232	3	777.22241	9.6333332
74	0.02433281	0.90541601	0.06122449	910	1967	0.7610063	0.19566737	34286	0.29104054	0.27390185	0.25778678	2.5	3.5263157	2.1333334	18.666666	53.333332	6.1666665	7.6666665	54.75	10.333333	19.083334	1.0621512	11.591045	43.991047	1.4420896	54.388062	2.9283581	699.91046	0.3304612	0.010968656	1.5092537	1.4870149	0.097736463	830.5	195.5	344	282	495	745.5	175	867.5	535.5	314.5	6	1085.0872	9.5749998
75	0.009969657	0.93368012	0.007802341	949	1970	0.84963506	0.21386862	24722	0.59356093	0.45946828	0.35293889	4.3333335	3.3333333	4	34	89.333336	5.6666665	15.666667	83.666664	20.333334	15.666667	1.6422168	11.491667	43.695835	1.3495834	54.916668	3.5249999	1460	0.1611125	0.010875	1.6525	2.8625	0.037751209	492	241	338	283	539	624	252	908	539	316	3	1214.5383	9.5
76	0.023857867	0.92017764	0.012944163	821	1975	0.80035508	0.16669954	24465	0.43349913	0.44795969	0.41908768	3.8504672	3.1121495	1.5471698	2.0853658	10.45122	2.8170731	0.79268295	14.292683	0.97560978	7.0365853	1.9519643	11.488066	43.775311	1.3983128	54.522633	3.3090534	1561.2758	0.21432552	0.009579012	1.851391	3.6295555	0.00441679	718	195	321	266.5	444	695	141.5	810	486.5	295.5	6	978.75684	9.6333332
77	0.00953895	0.97978652	0	893	1967	0.84808016	0.32587647	42150	0.19004515	0.25473556	0.22531091	3.909091	3.2727273	4.7777777	11.5	47.277779	3.6666667	6.5	53.277779	5.3888888	11.833333	3.9548349	11.424719	43.511238	1.3296517	51.887642	2.4370787	1601.5393	0.13171011	0.012	0.3355056	0.30910113	0.45315289	436	204	260	236	319	465	135	459	342	250	3	479.71014	9.8000002
78	0.019493381	0.94860834	0.01438549	981	1993	0.79880899	0.36962995	36369	0.34190223	0.42778441	0.3370859	2.8782609	2.5793357	2.9395604	4.2437277	32.774193	2.2903225	3.2688172	41.80645	2.1935484	5.9211469	3.4276199	11.400797	43.373905	1.1865637	50.950199	2.5854583	1490.3785	0.077704385	0.01173008	0.55043226	0.47797212	0.26894295	586	186.5	265	238	314.5	524	109	531.5	353.5	252.5	6	443.04385	9.6999998
79	0.006729475	0.97644681	0	863	1994	0.90173411	0.48587027	44932	0.40181139	0.46658105	0.39998105	3.5106382	2.1914895	2.9787233	8.75	38	4.1875	5.5833335	43.1875	3.4375	11.5625	2.9439521	11.450932	43.540997	1.235677	51.695652	2.4391305	1346.0869	0.10473913	0.012270807	0.59942859	0.56229812	0.95778084	412	154	243	195	313	402	123	482	320	211	3	490.73975	9.8249998
80	0.026297087	0.91329068	0.057995737	877	1978	0.86014742	0.27645272	31192	0.53748423	0.5360595	0.53202742	2.4852941	2.2647059	2.4328358	7.5	28.203703	3.074074	4.0185184	32.962963	2.4074075	8.7777777	2.0000007	11.490502	43.661453	1.3144525	53	2.488827	1196.6984	0.11373519	0.012195531	1.1738548	0.78486031	0.711586	445.5	156	257.5	202	305.5	455	120.5	495.5	330	219	6	757.63641	10.166667
81	0.000727167	0.9198662	0.068062827	755	1970	0.78533423	0.17140874	24940	0.0950865	0.082521617	0.085437454	3.2136753	2.6198347	2.8362069	8.6643353	33.111889	3.5174825	5.3846154	29.125874	5.4475527	10.748252	2.9306235	11.541595	43.81168	1.5915099	55.071224	2.7877493	2654.2849	0.2617017	0.011211396	1.2053561	0.73618233	0.21590637	389.5	166	218	196.5	319	413.5	153.5	496	330.5	214	6	616.33148	9.9250002
82	0.12675045	0.83016157	0.022262119	691	1962	0.81055409	0.24802111	21708	0.15360491	0.11388367	0.12464004	3.3333333	2.1538463	2.8125	8.6000004	36.714287	2.6857142	4.6857142	27.342857	3.2571428	11.628572	1.4499354	11.593333	43.965	1.5650001	55.849998	2.7349999	1136.0167	0.49833333	0.011083333	1.0045	2.6029999	0.73244619	364	121	356	189	454	522	124	784	444	223	6	583.48798	10.133333
83	0.067507416	0.89614242	0.009643917	971	2000	0.92448515	0.33867276	36815	0.24194893	0.23140764	0.22443353	4.5714288	4.5714288	5	24.666666	78.333336	7.1666665	12	65	16.333334	22	1.1823245	11.57963	43.946297	1.8535185	60.907406	3.9888887	1132.0927	0.19062963	0.011772222	2.3257408	2.5338888	0.01101935	834	339	344	384	529	709	277	694	555	406	3	2931.0771	10.4
84	0.08980301	0.90749323	0.002703747	737	2003	0.86133331	0.36651853	29583	0.39638856	0.35110229	0.33388793	5.2906976	4.1326532	4.5744681	26.208334	77.533333	5.9166665	14.566667	106.70834	17.466667	28.016666	0.78791666	11.586643	43.974731	1.6944405	56.862816	3.0931408	821.25269	0.21733212	0.012032853	2.3265631	3.8740108	0.1040557	626	169	241	224	376	661	73	628	426	250	3	1723.9821	10.3
85	0.58263665	0.2096463	0.12347267	1513	2001	0.96817058	0.68912238	95524	0.46165499	0.42461351	0.39114669	4.9000001	6	6	6.6875	28.28125	3.59375	4.28125	35	5.5625	14.71875	0.82940555	11.593103	43.982758	1.7689655	56.896553	2.8724139	913.37933	0.26768965	0.012082758	3.7610345	4.087069	0.35698995	179	245	211	232	248	272	170	209	246	234	3	1715.715	10.35
86	0.54788649	0.28924033	0.053650606	1223	1995	0.98081785	0.77129006	57142	0.63901162	0.17774263	0.58736736	6.7151899	5.8512397	5.8778949	38.699398	121.66533	10.811624	22.492987	189.67134	26.567135	49.348698	0.63480967	11.591769	44.158955	2.197427	60.127918	3.0576196	4750.9912	0.20328443	0.011243159	1.3298488	4.1170478	0.092012212	491	325.75	209	317.25	218.75	341.75	168.75	135.75	246	308	12	471.11459	10.2
87	0.75761914	0.12006545	0.036203723	1220	1974	0.99314564	0.85679317	78924	0.49006969	0.4353939	0.39020658	7.5	5.6105261	5.7526884	10.252631	61.242104	6.7473683	8.5368423	106.93684	9.5368423	34.768421	0.41720945	11.59375	44.067856	1.995	58.11607	2.880357	3858.2322	0.22570536	0.011108928	2.3331249	4.0187497	0.35038495	76.5	130.5	103.5	120	88.5	36	89	20	73.5	114	6	588.75397	10.6
88	0.77515244	0.08079268	0.040015243	1317	1985	0.98477012	0.8913793	105197	0.80198288	0.7754004	0.76188397	7.5283017	5.8271604	5.9303799	18.739885	75.982658	7.8901734	10.358381	124.89017	15.242775	43.121387	0.84962612	11.594182	44.185818	2.0876727	59.094547	2.964	5222.4653	0.24645092	0.010925818	1.8159927	3.8290911	0.03657781	17	45	85	50	23	11	52	17	23	47	3	450.98886	10.333333
89	0.74686885	0.10063722	0.015381235	1329	1990	0.98715258	0.84189826	76981	0.28304332	0.26571083	0.19354364	6.9668508	6.1150684	5.950685	27.803526	90.65995	8.7506294	12.02267	120.35516	17.720404	41.586903	1.2091012	11.595455	44.221817	2.1402676	61.167534	3.0328572	4766.7505	0.2504805	0.009696104	0.97686493	2.5686753	0.03205419	408.5	237.5	156.83333	236.16667	125.33334	226.83333	100.5	101.33334	149.66667	225.5	18	405.08142	10.2
90	0.59240508	0.22151899	0.062341772	1041	1979	0.94423479	0.74758911	54174	0.21838854	0.2132117	0.18866049	6.886878	6.1221719	5.9728508	25.643154	81.157677	7.7800832	10.589211	126.51453	14.319502	41.278008	0.82849872	11.594865	44.267296	2.095	60.929729	3.0181081	4137.3945	0.26017568	0.009703513	0.91003245	2.0794053	0.079053201	388.5	250.75	131.25	239	125.5	236.25	90	114.25	151.75	227.25	12	383.2117	10.133333
91	0.49250001	0.16676471	0.20926471	1216	1991	0.88349515	0.66135925	65957	0.59652001	0.61841655	0.46210113	6.247191	6.751121	5.9707866	38.32	85.942497	7.0799999	10.6375	153.435	11.4425	44.7225	0.85711795	11.587919	44.316628	2.0118241	59.645931	2.9258373	3965.9451	0.21548086	0.01012787	0.85445213	0.73281819	0.050205715	373	189	130	193	142	286	55	107	172	190	3	342.89697	10
92	0.86289668	0.069161922	0.047599673	1245	1962	0.94877857	0.81481481	100844	0.37391427	0.41003573	0.26864317	6.8000002	6.2450333	5.9470201	42.159763	101.40237	9.8461542	15.467456	184.46745	15.964497	56.609467	0.57639247	11.595653	44.285374	2.0256917	60.438736	2.944664	3131.4822	0.25592291	0.010535573	0.77577078	1.0126482	0.000619345	139.5	162	168	161.5	118	120.5	99.5	54	115.5	155.5	6	363.15915	10.025
93	0.48497075	0.16643131	0.14746822	1419	2003	0.96552646	0.79208982	69034	0.76858664	0.85619336	0.81154197	5.3555994	6	5.974359	40.605427	89.691025	5.0688934	12.703549	217.1545	12.252609	53.549061	0.7624352	11.587991	44.335335	2.0138338	59.72633	2.8951502	4596.5913	0.17927772	0.010212124	0.78517437	0.44712701	0.022769906	446	260	181	261	166	383	52	212	214	255	9	346.98135	9.8000002
94	0.6849162	0.15776536	0.055865921	1473	1990	0.97168446	0.83270729	73649	0.51775259	0.53692162	0.45024145	5.6987953	5.8452382	5.8554215	31.83	116.92	10.42	22.959999	290.64001	15.86	49.740002	2.4317529	11.591263	44.338837	1.7523301	59.519417	2.8150485	2446.6504	0.14247572	0.010729126	0.51330096	0.50645632	0.20075868	150	44	111	67	25	134	12	44	53	65	6	346.04544	9.666667
95	0.69849664	0.15534522	0.032015592	1396	1984	0.9675892	0.66897303	89298	0.39365882	0.38664198	0.35154611	7.8881121	6.1324043	5.9790211	54.678123	142.23438	14.51875	22.237499	281.37811	26.9	64.525002	1.8507203	11.595586	44.283878	1.8188868	59.568138	2.8151631	1597.2592	0.26061362	0.010953359	0.53247601	0.65998083	0.006472231	303.75	261	182.75	249.25	210	225.25	119	215	205	243.25	12	371.80115	9.875
96	0.75917602	0.085018724	0.066292137	1501	1996	0.99236643	0.8429662	94265	0.54035163	0.53435189	0.55231738	6.2531648	6.0691824	5.943038	63.380367	187.66872	19.214724	33.8773	441.94479	28.546013	74.760735	2.3999178	11.59891	44.292099	1.7413625	59.719345	2.7959127	1850.5477	0.21000817	0.010958583	0.37795639	0.45697549	0.000678255	379	308	185	290	144	222	92	73	159	273	3	371.82095	9.6999998
97	0.75105995	0.14718352	0.031092267	1525	1990	0.99424386	0.77760333	101689	0.40387943	0.40988231	0.34445512	6.1048388	6.0634923	5.9285712	30.277779	128.84723	12.222222	26.493055	324.78473	15.868055	46.048611	2.6526155	11.592386	44.372082	1.6226802	58.951778	2.731472	1832.7385	0.1327005	0.010968528	0.33684519	0.36375636	0.059554551	583	369	221	359	235	333	208	122	257	345	6	343.43085	9.6333332
98	0.84850842	0.08171206	0.032944229	2361	1982	0.99735451	0.83900225	200179	0.47823873	0.49938858	0.39755291	8.449275	6.0289855	5.9565215	9.7352943	27	4.8676472	5.2205882	37.14706	4.0735292	11.147058	2.4012439	11.550341	44.1068	1.6144217	56.115646	2.5537415	2249.6599	0.1344966	0.01204762	0.95285714	0.59952384	0.044658598	59	66	34	59	18	27	5	28	19	54	6	692.41364	10.166667
99	0.8765406	0.046584498	0.033841655	1143	1976	0.98719949	0.78364033	105536	0.72055209	0.35439709	0.20352979	7.3469386	5.9693875	5.9183674	12.88	42.049999	5.7199998	8.0699997	61.27	6.1599998	15.06	2.3444571	11.590955	44.133667	1.577191	56.447235	2.6326632	2133.02	0.23406532	0.011782914	1.4003869	1.1635679	0.066290103	219.5	171	82	157.5	55	90.5	63	19.5	65	145	6	532.14111	10.266666
100	0.79776245	0.053571429	0.030765921	1714	1988	1	0.89058679	158800	0.46066657	0.42291841	0.36670598	7.3225808	5.9354839	6	14.096774	44.935482	5.3225808	8.4516125	87.354836	6	19.645161	2.9303446	11.559406	44.113861	1.5492079	55.564358	2.5435643	2067.1287	0.15883169	0.011765347	0.69059402	0.46653464	0.14884627	59	66	34	59	18	27	5	28	19	54	3	462.29037	9.6500006
101	0.90662652	0.008634538	0.011044176	1326	1982	1	0.92004883	124643	0.38832185	0.35045493	0.3030203	8.833333	6	6	22.772728	89.5	7.181818	19.90909	197.36363	16.454546	35.090908	3.332969	11.551352	44.318916	1.4364865	56.81081	2.518919	1354.3243	0.17783783	0.011324325	0.31421623	0.38054055	0.001165734	47	144	107	128	76	106	19	117	79	121	3	415.32132	9.6499996
102	0.76190478	0.093617022	0.01195542	1363	1986	0.94629014	0.82392025	103894	0.27199072	0.2422145	0.2241037	6.0197368	5.9607844	5.9403973	59.383232	185.98802	17.311377	33.520958	447.98804	27.263474	71.772453	2.5282421	11.593731	44.305016	1.7165204	59.786835	2.8009405	2091.6929	0.18721317	0.01109185	0.36043888	0.44701254	0.020888655	25	115	86	101	61	17	37	9	46	94	3	399.22949	9.5500002
103	0.84050369	0.028987408	0.049186777	1820	1995	0.99914443	0.87833673	138864	0.48360482	0.45260027	0.36745569	5.9609928	5.9824562	5.9330988	41.062092	156.09477	13.836601	31.666666	391.25491	18.486929	55.052288	2.7080088	11.589901	44.371357	1.6760596	59.725166	2.780298	2135.7798	0.14388013	0.010958278	0.36270529	0.39228478	0.020241458	300	246	116	224	131	237	64	168	154	215	9	619.74512	9.5
104	0.66750342	0.2649475	0.037654039	1155	1982	0.98137444	0.68432885	74167	0.66282928	0.57379591	0.55264556	3.9000001	4.1999998	4.8571429	38.200001	123.7	10.5	18	89	19.700001	33.400002	4.556417	11.333071	43.910236	1.3266141	54.622047	2.3692913	2555.6692	0.069600783	0.010975591	0.30488977	0.43807873	0.041824963	56	76	90	77	11	19	30	17	15	69	3	907.67456	9.3999996
105	0.57888424	0.1795141	0.14352129	1410	1986	0.95545471	0.69230771	70456	0.17930637	0.17052168	0.13646565	4.9024391	5.9512196	6.0243902	23.372093	98.406975	10.66279	14.813953	140.67442	13.430233	43.034885	3.5645235	11.464668	44.261883	1.7189529	57.96788	2.6522484	3643.5845	0.080933616	0.011510492	0.23648395	0.62860811	0.058575183	132.25	205.75	96.75	177.5	26	153	21	66.75	60.5	161.75	12	786.51733	9.2666664
106	0.28956732	0.17606293	0.43828434	1192	1981	0.84109819	0.57182473	51344	0.42221662	0.34017473	0.25159875	4.1367188	5.9105058	5.9105058	14.350393	77.228348	7.0472441	10.496063	78.929131	10.299212	30.267717	3.4497619	11.495605	44.245789	1.7767454	58.368134	2.798718	4035.1428	0.087811358	0.011805494	0.31017765	0.72995973	0.30314603	85.666664	93.333336	106	95.333336	21.333334	113.66666	20	33.333332	46.333332	88.666664	9	780.30737	9.3000002
107	0.61680025	0.11368359	0.21801722	1093	1978	0.89195877	0.62927836	66186	0.58030099	0.32082793	0.39930823	4.0384617	5.9230771	5.8589745	10.411765	40.264706	6.352941	6.1617646	56.661766	6.897059	22.088236	3.5120986	11.490411	44.237442	1.4703288	56.059361	2.5968037	1506.0776	0.14380275	0.011794064	0.28568035	0.52917349	0.15776466	42.75	91.25	95	87.75	22	33.25	39	27.5	26.75	80	12	653.33978	9.3999996
108	0.26832956	0.45200303	0.15167548	1159	1983	0.96359664	0.58864218	55782	0.98852015	0.97794908	0.97691816	5.0799999	4.8076925	5.3076925	20.440001	58.16	5.1599998	9.7200003	89.199997	9.8400002	27.200001	6.1062546	11.337783	44.055428	1.3781674	54.703621	2.3520362	2202.2852	0.029695701	0.011326697	0.21843439	0.24286878	0.023904309	116.66666	119.66666	125.66666	120.66666	26	101.33334	48.333332	69	49	111.66666	9	825.04395	9.3000002
109	0.20700037	0.54949188	0.16748212	1071	1980	0.89801866	0.44696969	43621	0.67671984	0.49277076	0.52845621	5.5348835	5.2954545	6.0465117	42.09375	116.25	10.15625	19.71875	126.15625	22.71875	42.25	5.0256753	11.324713	43.931034	1.2976801	54.45977	2.3120689	2290.0881	0.052128736	0.011377011	0.2532433	0.35435632	0.07480251	97	86	124	95	27	47	52	39	35	87	6	879.21979	9.333333
110	0.83499998	0.05318182	0.017272728	1244	1985	0.98100924	0.72978836	86402	0.22283016	0.20816304	0.17462921	6.7027025	5.189189	6.7567568	14.285714	70.821426	7.0357141	11.464286	123.82143	6.3214288	28.75	4.5315289	11.427523	44.197247	1.5428441	56.256882	2.5376148	2348.8074	0.11178899	0.01140367	0.27148625	0.44238532	0.14712438	84	176	94	152	32	129	44	111	60	140	3	770.00592	9.1999998
111	0.48349309	0.31458998	0.13077742	1020	1984	0.96608746	0.66003364	56897	0.54147661	0.42836276	0.31059211	5.173913	4.9347825	6.847826	17.538462	67.07692	6.6153846	9.8461542	76.153847	11.538462	22.538462	5.6879668	11.319289	43.95533	1.3250253	54.522842	2.3309646	2152.2842	0.030310659	0.011873096	0.24145685	0.24633503	0.010299599	25	66	72	63	8	22	11	19	12	57	3	860.46454	9.3000002
112	0.42392048	0.39924607	0.098526388	1042	1986	0.97255456	0.57095939	60614	0.81437051	0.58331794	0.56267238	5.48	4.5769229	5.3461537	25.040001	75.400002	5.3200002	13.12	89.080002	13.76	26.24	6.7133427	11.320759	43.997097	1.3014531	54.100445	2.3078125	1371.9933	0.027385492	0.011705134	0.29713169	0.34030357	0.092290074	120	128	143	131	30	154	31	46	64	122	6	826.75183	9.3000002
113	0.88166547	0.006208912	0.098612122	1036	1970	0.96759939	0.72606772	138393	0.010624453	0.011980101	0.007442025	4	6	8	25	140	6	13	163	15	23	3.6494834	11.5	44.242855	1.3742857	55.142857	2.4000001	784.28571	0.15314285	0.012142858	0.087285712	0.30428571	0.014451428	87	95	82	92	24	26	47	21	27	83	9	369.38202	9.3999996
114	0.087314844	0.87726921	0.018042099	1270	2004	0.92662621	0.50017345	65340	0.34656653	0.30796292	0.25860417	4.909091	2.9772727	5.2558141	0.71739131	4.2173915	0.2173913	0.36956522	5.673913	1.0652174	0.71739131	2.6776819	11.145615	42.657894	0.70540351	47.561405	2.1175439	232.45615	0.051915791	0.012859649	0.98631579	0.36438596	0.017158786	237	144	205	165	153	233	82	251	169	165	3	351.88147	10.15
115	0.001606653	0.98119271	0.00292978	1124	1999	0.95262718	0.52683061	63209	0.4835687	0.48809239	0.28710875	5.9047618	3.2976191	5.8674698	5.5999999	19.32	1.6533333	3.2133334	21.84	2.9200001	4.48	0.95825636	11.338356	43.324657	0.91822374	49.753426	2.2461185	482.25113	0.037561644	0.012691325	3.1647944	2.3832512	0.45086607	314.33334	162.66667	226	189	201.33333	313.33334	73.666664	305	220.66667	192.66667	9	577.65906	9.8000002
116	0.015018315	0.90537238	0.027472528	887	1979	0.8484779	0.31563288	39190	0.18850371	0.17395796	0.21832381	3.1167884	3.2173913	2.3722627	16.030304	52.60606	2.9318182	4.5757575	36.886364	1.7878788	6.2045455	0.97451472	11.41083	43.212273	1.6019025	57.859207	4.594224	2558.7366	0.047513358	0.011008304	1.4494765	0.6607942	0.20056842	191	159	266	184	230	286	170	362	241	191	3	303.53583	9.8000002
117	0.048094373	0.92533058	0.001685248	1140	2001	0.91789514	0.42260441	58173	0.3613002	0.34805846	0.36860955	3.2249999	3.5	2.5609756	8.2926826	25.682926	1.8292683	3.4878049	17.195122	3.9268293	5.7560978	2.1277511	11.343284	43.265671	1.2828358	54.02985	3.3432837	1147.4626	0.069641791	0.01088806	2.2127013	0.81134331	0.00044868	317	245	257	253.5	207.5	275	148.5	329.5	221.5	250	6	336.73132	9.7666664
118	0.10884763	0.7798993	0.103736	974	1997	0.89548159	0.28965518	43931	0.044990066	0.004574314	0.026599824	3.4407306	3.3596728	2.9914773	8.2900515	30.393436	3.4553821	3.6591122	29.474655	2.8392625	6.7420354	2.6896815	11.299999	43.5	1.1155	52	2.45	1976.5	0.077	0.01015	1.45	0.815	0.00445	546.28571	284.14285	275.42856	306	196.14285	416	76.571426	415.28571	246	298.14285	21	441.91104	9.9666662
119	0.020585738	0.90619695	0.033319186	1145	1992	0.92886478	0.34976178	50030	0.12378666	0.11818542	0.45319042	3	4	4	1.6666666	14.666667	3.6666667	1.6666666	30	0.33333334	3.3333333	3.3072178	11.35	43.216667	0.98066664	52.833332	3.1333332	56	0.13016666	0.010716666	1.4816667	1.1683333	4.0001502	216	124.25	251.25	158.25	177	296.5	54.5	351	199.5	163.75	12	230.45032	9.8000002
120	0.065562457	0.78812975	0.13526569	827	1973	0.84834832	0.31431431	33133	0.18604609	0.17574362	0.18493015	2.95	3.0370371	2.2307692	10.5	42.388889	1.7222222	3.2777777	22.055555	0.66666669	4.2222223	0.63867974	11.416059	43.264961	1.5805839	59.087593	5.0437956	2802.8467	0.065270074	0.011018978	1.4868906	0.84378105	0.16570927	569	257	413	316	333	765	178	920	442	333	3	351.57602	9.8000002
121	0.05688889	0.74903703	0.19407408	868	1966	0.7789855	0.15993789	27344	0.24722166	0.65926749	0.78623086	4.0999999	4.3000002	4.5	15.222222	53.222221	3.8888888	7	63.333332	6.1111112	22.888889	0.55648327	11.503409	43.721588	1.4486364	56.06818	3.675	1672.1591	0.38395569	0.010955682	2.9214091	3.8095455	11.261419	1166	510	520	570	274	965	140	590	451	555	3	624.88446	9.7249994
122	0.38429752	0.54504132	0.050826445	739	1955	0.90423942	0.35810474	51848	0.64024836	0.229559	0.66293806	3	1	2	4	40	2.5	6	23.5	9	5	0.41761801	11.55	43.657143	1.2671429	54.142857	3.2357142	747.14288	0.46142858	0.011	3.9171429	4.6821427	22.635763	706	489	430	497	185	617	143	379	300	471	3	565.99396	9.6999998
123	0.23914608	0.53370112	0.20436555	925	1958	0.90013361	0.28256512	40150	0.1734024	0.2027846	0.17839313	4.9230771	6	5.7142859	42.357143	126.21429	10.285714	19	110.21429	21.357143	40.42857	1.3757573	11.495798	43.621849	1.2005967	53.621849	3.1319327	856.84875	0.40410671	0.011009243	2.5802186	2.9200001	22.62196	981	475	432	511	174	530	168	363	272	480	3	538.21008	9.8000002
124	0.11924966	0.7282269	0.10562751	1341	1959	0.90625894	0.38153759	51148	0.072849199	0.51122391	0.069297723	3	2	3	2	28	2	0	72	0	4	2.5194335	11.5	43.450001	1.155	51	2.5999999	1250	0.29000002	0.0115	0.935	0.94	2.75	384.66666	260.33334	364.33334	292	138.66667	392	89	334.33334	204.66667	280.66666	9	490.40021	9.6999998
125	0.039016567	0.81881344	0.12089792	1036	1976	0.90852046	0.43031704	45000	0.23648793	0.28536782	0.22723126	3.8333333	4.3333335	4.5714288	27.363636	75	6.7272725	11.363636	64.909088	15	23.727272	1.9853522	11.496744	43.511162	1.0806372	51.934883	2.8762791	567.24188	0.3546651	0.010973023	1.8380373	2.0239999	10.785365	739	236.5	352.5	304	157.5	448	93	336.5	232	294.5	6	495.61075	9.7399998
126	0.021599853	0.94398683	0.01372872	901	1977	0.91792655	0.30669546	25823	0.25700405	0.25875559	0.2468669	3.6666667	4.1153846	4.04	12.777778	54.444443	4.9629631	6.7037039	61.51852	6.1111112	18.222221	1.803349	11.418733	43.369423	1.5531598	55.388432	3.7815425	2561.6309	0.097785123	0.011815427	1.1892617	0.79186499	0.54168957	780	491	451	508	267	856	202	646	425	497	3	412.47522	9.7333336
127	0.16469517	0.71019107	0.047315743	895	2001	0.91366905	0.41418293	16087	0.32396838	0.26999879	0.26268572	5.4166665	2.48	3.5238094	58.537498	206.45	6.2874999	37.362499	145.3	39.3125	41	0.58333099	11.594644	44.102974	2.3152916	62.654762	3.2833333	5145.4761	0.23458928	0.011351786	0.8745833	4.5261312	0.23105969	289	216	267	233	438	617	135	645	459	262	3	624.11267	10.066667
128	0.32988751	0.56491333	0.054423839	853	2001	0.88948655	0.47432762	26032	0.42196244	0.55850589	0.3636466	4.4605265	6.6064515	5.9139071	94.891426	280.30856	21.114286	42.42857	186.73714	45.308571	70.057144	1.4500973	11.593736	44.18771	2.8222892	67.749397	3.7012048	11321.699	0.26001397	0.01099494	1.2950482	2.6509902	0.11014508	695	376	153	359	225	659	57	323	327	355	3	471.02618	9.8999996
129	0.048421051	0.8940351	0.016491229	722	1986	0.77501154	0.20792992	28902	0.71328086	0.67017972	0.64893788	2.9787233	3.7422681	4.361702	33.09375	90.695313	7.359375	14.203125	78.507813	21.5625	31.179688	0.77611226	11.595545	44.084652	2.3182178	60.589108	3.3608911	5656.2378	0.26184654	0.011033168	2.0168169	1.7007921	0.17543107	553	215	251	252	401	812	26	755	479	282	3	579.16565	9.8000002