1	0.12382622	0.025791911	0.57380742	1752	1977	0.79505759	0.43441099	97872	0.9050687	0.88365513	0.66736782	3.0228572	3	4.0685716	13.662857	48.040001	24.297142	11.251429	44.902859	10.925714	0	-999	8.2014284	38.876572	0.48838857	35.919998	0.59337145	3220	0.46565714	0.22582857	3.6331429	14.657143	0.000140857	521.5	93	103.5	133	82	192.5	54	69.5	109	130	6	92.717537	10.825
2	0.39082855	0.072433561	0.30432516	2521	1979	0.90519398	0.61733419	116447	0.70583707	0.64101863	0.65131074	3.8148148	3	7	43.752293	47.752293	27.972477	38.715595	49.330276	47.027523	0	-999	8.1116514	38.311008	0.4860734	35.917431	0.59651375	5108.2568	0.40284404	0.25137615	0.93000001	9.3999996	7.57431E-05	426	202	148	211	205	248	197	143	215	211	6	97.071045	10.7
3	0.58367711	0.010044843	0.20143498	1581	1954	0.9025473	0.6041131	132216	0.69734466	0.52766609	0.68440366	3.9404256	3.1063831	6.9446807	23.304722	46.107296	23.759657	15.781116	46.356224	20.957081	0	-999	8.0904255	37.888935	0.45437446	34.842552	0.57157445	4455.3193	0.53923404	0.2499149	0.50289363	8.5574465	2.99617E-05	122	96	120	103	122	68	218	60	116	105	3	103.02617	10.7
4	0.48952931	0.059173871	0.21344861	1439	1970	0.93436003	0.63292098	103285	0.69418383	0.60618424	0.66555315	4	3	7	34.178345	47.815285	23.458599	23.974522	47.649681	37.566879	0	-999	8.1140509	38.165192	0.47582912	35.417721	0.58955693	4087.9746	0.45322785	0.22367088	0.79512656	9.5018988	6.81456E-05	558	230	166	246	203	361	114	185	237	245	3	98.817078	10.766666
5	0.37104309	0.066683963	0.33938766	2144	2001	0.86025238	0.62839115	88333	0.6151256	0.60814923	0.52469534	3	3	7	45.787235	47.914894	33.744682	37.531914	49.106384	48.361702	0	-999	8.1129789	38.727661	0.51274467	36.340427	0.60829788	6442.5532	0.41382977	0.36361703	1.3251064	8.6957445	8.30851E-05	448	438	188	389	540	602	501	564	553	410	6	94.44809	10.65
6	0.26089829	0.066930868	0.42888597	1573	1981	0.84723395	0.45998314	75069	0.91992474	0.38807914	0.37624052	3	3	4.1388888	25.75	48.185184	25.416666	25.129629	47.314816	25.851852	0	-999	8.1885185	38.884258	0.50462961	36.129631	0.60777777	3184.2593	0.47768518	0.26851851	2.9000001	13.37037	0.000140185	360	140.66667	111.66666	154.33333	175.66667	189	220.66667	160.33333	183.66667	158	9	91.71946	10.8
7	0.20099032	0.037137069	0.57911319	1446	1939	0.73577631	0.32561877	74911	0.10287354	0.96454751	0.96502769	2.9366198	3	4	27.084507	47.584507	31.253521	27.549295	47.887325	31.514084	0	-999	8.1745071	39.119717	0.49846479	35.633804	0.58007044	2889.4365	0.51232392	0.32049295	2.7823944	11.042957	0.000161056	425	11	118	69	89	128	25	141	94	73	3	87.57338	10.75
8	0.27444795	0.029762721	0.47099164	1567	1946	0.74917024	0.41512564	60216	0.57780802	0.50032306	0.80655402	3.0988371	3	6.0058141	42.343021	48.290699	32.488373	42.680233	49.796513	45.005814	0	-999	8.1192446	39.19651	0.52429068	36.267441	0.59674418	6431.3955	0.48360464	0.56377906	1.8569767	8.2831392	0.000120471	382	56.333332	134.33333	101.33334	85.666664	137.66667	18.333334	21.333334	92	99.666664	9	87.010239	10.6
9	0.15048447	0.00968954	0.82024914	1654	1948	0.5815143	0.22237381	47639	0.69242412	0.33584747	0.50930738	3.5221238	5.283186	7	32.575222	44.796459	27.477877	20	45.398232	42.504425	0	-999	8.0830975	39.043362	0.52245134	36.778763	0.60902655	7573.4512	0.48699114	0.5643363	1.4964602	7.6575222	9.07257E-05	797	228	176	268	244.5	348	225	186	270	268	6	90.975334	10.55
10	0.37882608	0.012603529	0.4778538	1854	1939	0.81155717	0.395551	115458	0.87541938	0.80597836	0.83694178	4.497076	4.877193	7	19.273256	48.575581	25.197674	9.8255816	47.145348	21.936047	0	-999	8.039012	38.724419	0.49388954	35.848839	0.59488374	6448.8374	0.4902907	0.4083721	0.90110463	6.447093	6.43663E-05	256	94	133	116	104	137	104	85	112	116	3	93.826866	10.4
11	0.35794914	0.064463481	0.30218959	1744	1978	0.89539999	0.51980001	62813	0.5283857	0.61195582	0.65778947	3	4.0073528	6	6.9347825	45.905796	10.442029	13.057971	45.81884	16.717392	0	-999	7.9448552	38.129711	0.43463042	34	0.55978262	2784.0579	0.29036233	0.19608696	0.21463768	4.0999999	8.76E-06	224	81	66	91	83	30	121	25	72	88	6	89.522469	10.3
12	0.66005105	0.028069181	0.16983272	1901	1959	0.92016971	0.63054377	126103	0.74302191	0.56418055	0.60723305	4.5409837	5.5409837	6.7704916	8.6147537	46.237705	13.196721	11.131147	45.286884	20.754099	0	-999	7.9450822	38.44836	0.43566394	34.754097	0.57032788	2299.1804	0.42786884	0.24672131	0.30581966	4.4934425	2.37582E-05	128	80	82	85	49	12	97	11	44	79	3	84.283539	10.2
13	0.49982658	0.012140132	0.34547347	1726	1958	0.87295479	0.59095281	86700	0.76661736	0.41384149	0.45305306	4.8701301	5.8701301	6.9358974	9.9487181	45.602566	16.128204	11.01282	46.948719	17.705128	0	-999	7.9824357	38.348717	0.45560256	34.846153	0.57089746	3655.1282	0.3926923	0.24692307	0.35358974	5.0064101	2.46154E-05	47	34	64	41	38	23	71	11	37	41	3	90.599701	10.3
14	0.66840547	0.010432821	0.19991541	1759	1954	0.95528835	0.7108773	126815	0.52130699	0.63145757	0.68405885	5.0309277	6	7	11.030612	46.897961	13.571428	9.6836739	44.97279	19.380953	0	-999	7.9702382	38.790478	0.45299318	35.670067	0.58744895	3442.1768	0.52551019	0.38316327	0.64166665	5.7265306	6.48912E-05	28	24	68	33	37	13	255	9	52	36	3	86.472687	10.214286
15	0.70016521	0.02133093	0.15111913	1774	1956	0.94090611	0.69708908	156875	0.5567286	0.52221859	0.55056781	7.9880953	6	7	4.7649403	29.872511	7.2071714	8.466135	39.808765	15.131474	1.3346614	-999	7.9084525	38.848412	0.41068253	35.539684	0.58265871	2037.6984	0.45019841	0.31222221	0.43555555	4.8650794	6.29643E-05	50	36	52	40	24	19	86	21	29	39	3	75.210571	10.066667
16	0.51865578	0.063256733	0.19322956	1919	1981	0.98731989	0.69654179	92100	0.7641415	0.47230038	0.76053023	6	6.8615384	8.8615389	25.969231	47.738461	16.338461	20.215385	47.153847	27.63077	0	-999	7.7201514	37.77879	0.34242424	34	0.55000001	2560.606	0.24636364	0.13878788	0.14045455	2.9287879	9.56E-08	348.75	281.75	184.25	268.25	107.25	178.75	145.25	33	130	250.25	12	80.316734	9.8666668
17	0.49003255	0.049633849	0.2347437	1753	1972	0.91380775	0.55542952	97566	0.9589988	0.93288964	0.94943267	6.3139534	6.9942198	8.9826593	10.867052	46.601154	14.820809	14.560694	45.208092	10.485549	0	-999	7.6530638	37.769943	0.31891328	33.393063	0.54346824	2306.3584	0.2749711	0.1233526	0.12728323	2.9687862	3.68E-08	213	82	113	100	67	87	49	26	70	96	3	76.010094	9.6333332
18	0.55245578	0.02815979	0.12770137	2034	1975	0.95440143	0.64225352	113636	0.81761175	0.69716442	0.75757498	7.394558	7.4864864	9	6.2027025	35.706081	12.378378	9.9189186	44.293919	8.0810814	0	-999	7.5392594	37.66835	0.28545791	32.616161	0.529899	2682.4917	0.34363636	0.10710438	0.11013468	2.8363636	2.39E-09	123	152	125	144	49	51	105	31	54	133	3	72.801056	9.2799997
19	0.54191321	0.026955949	0.22353715	1517	1963	0.89023274	0.58215427	107296	0.78824139	0.59503007	0.63899404	5.942029	7	9	10.400967	48.236713	12.333333	11.603865	45.328503	10.84541	0	-999	7.683846	37.996155	0.3231298	33.596153	0.5468269	1775	0.35014424	0.13201924	0.13927884	2.4927886	4.17E-07	13	23	60	30	19	6	98	7	23	29	3	70.792976	9.5999994
20	0.58052236	0.003018769	0.19556372	2510	1964	0.96298385	0.63660276	142614	0.8542825	0.25098142	0.2327771	6.3850574	6.6428571	8.2857141	7.5142856	41.374287	9.6228571	9.2485714	40.105713	8.985714	0	-999	7.7304573	38.262856	0.3342143	33.914288	0.5535714	1302	0.38971427	0.14891429	0.1596	2.1811428	3.61E-06	9	32	51	34	30	6	202	7	40	35	3	67.960228	9.6333332
21	0.60146838	0.027673192	0.1903238	2831	1963	0.93399686	0.59271872	136136	0.21007699	0.29182097	0.1654585	6.781116	6	7.0085835	3.4248927	18.532188	6.227468	6.0343347	21.193132	5.4721031	0	-999	7.7728324	38.523174	0.34788841	34.051502	0.55948496	1145.0643	0.40201718	0.16961373	0.18399142	2.167382	1.02996E-05	9	14	53	21	18	6	201	13	33	23	3	66.694855	9.7666664
22	0.48522928	0.01829806	0.17372134	1870	1969	0.94803506	0.58557975	94659	0.82511681	0.72419739	0.75179023	7.0176473	8.0205879	9	4.3411765	36.823528	10.194118	8.7529411	31.805882	6.9705882	0	-999	7.5934706	38.464706	0.29165882	33	0.54141176	1688.2354	0.25876471	0.11852941	0.12552941	0.82011765	1.14E-07	59	21	65	33	34	32	111	19	41	34	3	58.544052	9.0666666
23	0.62565172	0.01459854	0.12434828	2808	1964	0.94971472	0.53245366	137399	0.53212923	0.47941101	0.44886577	7.6037736	6.5999999	9	5.3229814	38.434784	10.459627	10.826087	39.180122	8.7080746	0	-999	7.7065215	38.642857	0.3263354	34	0.55403727	1352.174	0.2974534	0.14801243	0.15975155	1.2780745	5.33E-06	13	38	69	42	27	6	227	10	41	42	6	60.6936	9.3999996
24	0.53990871	0.013141514	0.22451238	2002	1960	0.94968945	0.49689442	143015	0.87819207	0.35541883	0.25570473	7.6859503	7.2386832	8.9876547	3.7572017	32.707817	10.065844	8.4526749	39.419754	8.205761	0	-999	7.6679425	38.405762	0.31208229	33.304527	0.54641974	1542.3868	0.38493827	0.13374485	0.14312758	1.5320576	1.80E-06	44	33.666668	67.666664	41.333332	41.666668	11	166.66667	7	45	41.666668	9	62.41526	9.3999996
25	0.47681376	0.039640985	0.27599102	1774	1970	0.92268729	0.48440415	93326	0.64471698	0.60629344	0.61543882	4.8808289	6.3523316	9	10.984456	47.96891	16.601036	19.005182	47.818653	11.005181	0	-999	7.6704144	38.837307	0.32177719	33.96891	0.55772018	1866.3213	0.14079274	0.14041451	0.15170984	0.81129533	3.04E-06	182	63	80	77	80	230	68	82	119	82	3	56.872803	9.1999998
26	0.54341406	0	0.23036031	1669	1975	0.9263804	0.54969323	92610	0.069837436	0.065661132	0.068406738	4.8684211	6.5789475	9	10.210526	49.14035	17.429825	17.18421	48.508774	13.649123	0	-999	7.6307893	38.810528	0.31139475	33.666668	0.55464911	1943.8596	0.10586842	0.13070175	0.14008772	0.58114034	9.48E-07	135.5	102.5	77	100.5	76	54	200.5	28	81.5	98	6	55.343609	9.0999994
27	0.71264648	0	0.13012695	2715	1957	0.96665531	0.67267776	152159	0.42688841	0.45023322	0.39701879	7.0101008	6	7	4.6060605	17.126263	4.9898992	6.5353537	22.550505	7.6919193	1.4444444	-999	7.8378282	38.820202	0.37268183	34.914143	0.5719192	1302.0201	0.42984849	0.22616161	0.26363635	3.0888889	3.66768E-05	19	14	58	23	13	10	80	62	19	23	3	68.094475	9.8999996
28	0.58289474	0.041052632	0.24447368	1951	1959	0.88316536	0.57222843	118792	0.95540977	0.95273447	0.95026976	5.9965515	6	7	4.6875	16.416666	6.7013888	5.8402777	20.402779	4.8333335	0	-999	7.7945518	38.906895	0.3587862	34.682758	0.56800002	1229.931	0.35234484	0.19689655	0.21924138	2.1144826	2.50069E-05	50	63	78	65	72	63	148	65	77	66	3	63.72937	9.6999998
29	0.23638219	0.01926266	0.35629544	1531	1993	0.91745728	0.52144212	93750	0.70482612	0.53375798	0.67891663	5.009901	6	5.7029705	4.0198021	16.722773	5.2376237	6.6534653	22.539604	6.5	0.7772277	-999	7.8376846	39.218227	0.38137439	35.310345	0.58162564	2209.3596	0.1925665	0.25039408	0.31182265	2.9019704	3.90591E-05	120.33334	36.666668	53.666668	47.666668	28.666666	36.666668	70.333336	24.333334	35	45.666668	9	64.041618	9.6999998
30	0.17123814	0.043065879	0.557293	1369	1992	0.74361819	0.33444321	52258	0.29323944	0.16789548	0.29457891	3.5391111	3	6.9629631	34.271606	45.753086	29.864197	33.432098	48.320988	46.432098	0	-999	8.0961733	39.230865	0.52046913	36.197533	0.59654319	6853.0864	0.4597531	0.65765435	1.7716049	7.7506175	0.00011321	468	81	92	118	62	224	9	54	100	115	6	84.37648	10.6
31	0.081113085	0.037300177	0.80106574	1465	1953	0.47542661	0.18668942	58641	0.55429751	0.23348346	0.53896171	4.4893026	6	7	15.045872	49.100918	24.825687	8.3119268	45.366974	28.137615	0	-999	8.0462389	39.058716	0.50809175	36.091743	0.60284406	7257.7983	0.51146787	0.62073392	1.353211	7.1889906	9.4945E-05	526	37.5	104	94.5	70.5	110	32	37.5	77	92	6	89.71859	10.4
32	0.43358079	0.013899858	0.18290949	1859	2002	0.91962653	0.56768823	107500	0.78090209	0.55055219	0.6659978	5.8965516	5.909483	5.3362069	3.5431035	37.939655	10.400862	7.6896553	31.232759	6.5775862	0.15086207	-999	7.8565087	39.579311	0.39361206	35.353447	0.57034481	2275.4312	0.057193965	0.28999999	0.4126724	3.4185345	4.1056E-05	161	89	47	87	20	74	60	31	39	81	3	68.458839	9.6999998
33	0.27915633	0.034491315	0.45880893	1512	1987	0.77247906	0.33454677	42747	0.96234447	0.94537884	0.95809239	4.7906976	6	7	5.139535	35.255814	8.5348835	9.5581398	37.790699	14.27907	0	-999	7.915349	39.069767	0.41751164	36	0.58999997	2725.5813	0.32720929	0.37325582	0.57093024	5.2930231	7.7907E-05	277	48	87	76	80	22	50	33	61	74	3	76.324959	10
34	0.043311529	0.030227836	0.18226935	1955	1973.7728	0.76345432	0.37765959	92768	0.97788978	0.95585346	0.95835572	7	4	5	0.69402987	26.791044	6.029851	6.2611942	17.208956	1.2686567	7.977612	-999	7.8304477	40.6903	0.325903	32.037312	0.47619402	3286.5671	0.075164177	0.21455224	0.30223879	2.2932837	8.61194E-05	451	52	123	101	113	57	169	120	103	102	3	61.64312	9.8999996
35	0.077299833	0.026831346	0.28577513	2221	1971	0.70731705	0.30855128	93409	0.87228447	0.81106961	0.75091571	5	5	6	8.2605639	44.176056	18.464788	16.429577	47.246479	10.147887	0	-999	7.9544754	40.36853	0.37296504	33	0.48566434	3890.2097	0.085013986	0.35265735	0.72083914	3.0762239	0.000103091	621	58	140	124	130	95	48	128	112	123	3	71.792747	10.3
36	0.031246474	0.007670615	0.42831358	1271	1994	0.66335022	0.20893632	42554	0.9035427	0.83830458	0.86278486	5	3	5.3939395	6.7010307	47.474228	17.206186	14.216495	47.515465	10.896907	0	-999	7.9032321	40.0798	0.38987878	33.989899	0.51090908	1490.9091	0.084565654	0.35090908	0.60656565	3.6747475	0.000109929	541.5	49.5	64.5	96	21	214.5	11	109.5	73.5	93	6	74.124191	10.1
37	0.031096963	0.02668952	0.62536728	1708	1967	0.60610574	0.16046165	64769	0.84704447	0.83773959	0.74881977	3.8099174	3.4380164	3	8.7355375	45.545456	18.487604	17.049587	45.504131	7.5619836	0	-999	8.0076036	40.545456	0.3536942	31.917355	0.46305785	3526.4463	0.20074379	0.31231406	0.91082644	2.7173555	3.76777E-05	1024	79	165	180	174	481	28	245	243	189	3	70.507767	10.5
38	0.15076984	0.034193162	0.27334532	2310	1973	0.8006863	0.36145267	86923	0.74539304	0.79247552	0.79541874	6.6132598	4.8241758	9	6.284153	43.234974	14.196721	10.967213	35.994537	5.3169398	0.12021858	-999	7.7867212	41.530056	0.23955737	30.437159	0.43945354	1910.9836	0.027027322	0.15765028	0.17595628	1.6874317	1.27639E-05	307	13	73	51	7	15	10	14	10	46	3	57.475391	9.833333
39	0.23817326	0.010853983	0.22895761	2618	1985	0.91221374	0.53758073	150071	0.58381248	0.78500801	0.79069585	6.1629214	6.52809	9	2.6033521	20.346369	6.0558658	4.2960892	15.195531	2.5139666	3.5418994	-999	7.7446666	41.610001	0.23784444	30.333334	0.43944445	1562.7778	0.027688889	0.15372223	0.16183333	1.5474445	1.41715E-05	156	40	66	56	46	75	70	64	57	56	3	55.864178	9.8000002
40	0.099697888	0.03350728	0.2199945	1904	1976	0.78148896	0.41609657	84821	0.93692559	0.31727394	0.31920314	4	4	9	2.752809	29.662922	8.0898876	6.280899	23.921349	0.25842696	8.8988762	-999	7.8268538	41.011234	0.2909326	31.516853	0.46056181	3734.8315	0.040382024	0.19674157	0.27112359	2.3213484	6.60337E-05	380	26	71	66	39	52	32	57	42	63	3	61.441238	9.8999996
41	0.017376194	0.006950478	0.72437012	2093	1959	0.61208439	0.19091885	66250	0.846048	0.84072453	0.79036862	4	3	3	8.3687944	48.957447	23.099291	28.148935	49.205673	3.7730496	0.46808511	-999	8.0631914	40.248936	0.39038298	32	0.46773049	4672.3403	0.234539	0.39347517	1.5659574	3.6326241	5.39858E-05	977	82	170	179	151	512	210	195	255	189	3	76.207809	10.566667
42	0.011111111	0.010784314	0.66241831	1392	1966	0.58394545	0.1432319	56097	0.88288105	0.8592847	0.48590502	3.1809523	3.4095237	3	10.211538	48.115383	24.576923	27.298077	49.942307	7.2403846	0.1923077	-999	8.0222645	40.344341	0.38139623	32	0.47188678	4129.2451	0.18660377	0.38198113	1.1760378	3.271698	6.50094E-05	848	88	159	169	288	277	128	291	270	182	3	74.850365	10.533334
43	0.050898679	0.037696835	0.71099091	1509	1960	0.6096074	0.17776152	69456	0.83482814	0.86085004	0.82531524	5	4	5.1812501	3.2625	47.243752	14.3625	5.5999999	32.59375	2.3375001	4.6374998	-999	8.0276871	40.861874	0.27494374	29.85	0.41787499	2579.375	0.3075	0.1963125	0.61918747	1.418125	1.85E-06	799	28	121	115	118	131	39	125	114	115	3	68.288254	10.466666
44	0.074558221	0.005809731	0.43258291	1180	1982	0.70473719	0.32349125	35313	0.98250645	0.98333913	0.97994637	4	3	7	9.4444447	49.319443	22.791666	12.013889	45.305557	4.0694447	0	-999	8.1282196	40.169865	0.33753425	31	0.44027397	4316.4385	0.19150685	0.20342466	1.4479452	3.8424656	2.28493E-05	335	86	57	102	81	67	74	116	77	99	9	76.797668	10.65
45	0.17539206	0.01798893	0.4053275	1771	1967	0.7948153	0.38258219	90645	0.82872605	0.80697578	0.80462587	3.5968993	4.4418607	6.9224806	2.3783784	18.528957	5.0308881	3.6988418	10.942085	4.4749036	0.057915058	-999	8.0850964	40.567955	0.25709653	29.181467	0.40606177	1439.7683	0.33243242	0.13428572	0.58243245	2.2598455	2.84E-06	329	13	80	55	19	18	32	50	21	50	3	69.789116	10.425
46	0.050650135	0.026912609	0.59132147	1589	1974	0.67487019	0.22442989	71307	0.52390051	0.68783647	0.5059123	3.0425532	2	6.3049645	6.1071429	47.900002	21.171429	7.1642857	43.578571	2.307143	1.1	-999	8.0855637	40.479576	0.31716198	30.612677	0.43281689	4347.1831	0.28570423	0.215	1.0965493	2.4471831	1.04423E-05	859	73	166	161	237	298	41	171	233	171	6	72.903183	10.5
47	0.069526628	0.005095332	0.74868506	1848	1960	0.69952804	0.22863136	81927	0.83648175	0.83860308	0.81870544	2.7052023	2.0289018	5.3236995	3.5058138	32.534885	9.1569767	3.5406976	35.284885	3.0813954	0	-999	8.0217342	41.030056	0.23357226	29	0.40109825	1435.1445	0.44861272	0.15907514	0.42080924	0.93924856	1.29E-08	327	40	112	80	79	40	104	49	71	79	3	65.947815	10.266666
48	0.10508522	0.033384982	0.086913653	2532	1987	0.91330934	0.8016187	132500	0.65436912	0.68372715	0.39128968	6.7399268	6.7838826	7	5.5328469	47.890511	15.10219	12.328467	45.88686	5.3868613	0	-999	8.1933575	39.197079	0.4010292	32.824818	0.49430656	1586.1313	0.019370073	0.14821167	2.4445255	12.627737	8.01387E-05	103.33334	42.333332	40	47.333332	18	20.666666	71	16	24	44	9	92.009171	10.966666
49	0.10282258	0	0.073387094	3039	1976	0.88984185	0.54409003	107250	0.87042058	0.87108141	0.83549744	6.9378881	7	7	4.0248446	46.142857	10.347826	13.372671	43.316769	4.1180124	0.0931677	-999	8.1826086	39.352173	0.37559628	32.124222	0.47012421	2186.3354	0.012289441	0.14186336	2.0118012	10.889441	5.37081E-05	249	44	95	73	84	11	117	141	69	72	3	89.866829	10.9
50	0.10766988	0.012024048	0.38568044	1295	1993	0.70287627	0.26277575	68418	0.50744104	0.88572931	0.40832299	5.8965516	5.8965516	6.8965516	4.3793101	44.293102	15.724138	14.344828	48.172413	4.8448277	0.7758621	-999	8.2067242	38.855171	0.4342069	34.568966	0.5536207	2600	0.034917243	0.15327586	2.8206897	17.482759	8.61897E-05	434	207	91	204	66	217	87	23	108	191	6	94.523048	11
51	0.14296161	0.066544786	0.083729431	2106	1994	0.95887393	0.71676868	127670	0.86072022	0.86058569	0.74200827	6.1636362	6.0818181	7	4.5	48.463634	15.418181	13.436363	47.545456	5.4363637	0	-999	8.1969995	39.019093	0.41076365	33.654545	0.52109092	2029.0909	0.008268182	0.14027272	2.49	15.818182	7.03727E-05	237	164.5	80	154	54.5	48	162.5	10	63	142	12	112.33337	11
52	0.085673034	0.008824001	0.14984758	2285	1984	0.92426926	0.620682	99577	0.9896639	0.98943198	0.98901528	7.5872092	7	7	1.9768786	32.063583	9.1271677	5.8439307	41.005779	3.1965318	6.7109828	-999	8.169364	39.334682	0.34068209	31.248554	0.45017341	2815.0288	0.021080924	0.12213873	1.400578	11.439306	1.95145E-05	295.5	69.5	76.5	91	49	41	87	90.5	51	85.5	6	94.626259	10.966666
53	0.092668623	0.028934507	0.22913001	1799	1974	0.83544302	0.46461451	74516	0.42527539	0.32626095	0.42109358	7	8.0375938	9	4.6865673	26.873135	9.6567163	6.0671639	23.291044	7.6641793	0	-999	8.1215668	39.335819	0.24676865	27	0.37067163	2260.4478	0.098417908	0.11395522	0.36432835	7.9723883	5.21E-06	255	115	113	127	8	32	53	26	19	113	3	101.04713	11.025
54	0.18098325	0.00378174	0.025931928	1073	1990	0.87252122	0.65368271	113421	0.90397739	0.87203568	0.89800107	8.9859152	9	9	9.3055553	37.305557	11.875	14.083333	40.319443	10.833333	0	-999	8.1676388	38.622223	0.29866666	28	0.41291666	3059.7222	0.083791666	0.14875001	0.95652777	9.9652777	0.00016	49	62	19	52	6	19	26	9	11	47	3	115.80872	11.4
55	0.10198198	0.012252253	0.061981983	2879	1982	0.9227016	0.64894712	163365	0.82172209	0.76199019	0.75936717	8.6758242	9	9	5.1043954	30.956043	8.9340658	8.3846149	31.412088	8.725275	0.11538462	-999	8.1471424	38.872528	0.2778846	27.26923	0.39362636	2765.3845	0.062137362	0.13494505	0.72620881	9.0697803	2.60824E-05	32	36	55	40	7	14	42	11	12	36	3	113.06432	11.366667
56	0.15015534	0.08802209	0.074905075	2898	1980	0.90952742	0.66211778	131250	0.52567285	0.24702439	0.67614466	8.0049257	8.0049257	9	2.6995075	26.241379	8.5369453	6.7684727	28.049261	7.4285712	0.14778325	-999	8.1198034	39.574383	0.25611329	27.502462	0.38068965	1367.6355	0.08946798	0.10295074	0.24172413	7.135468	9.95E-08	39	16	31	21	4	26	24	29	12	20	3	93.413406	10.7
57	0.08856383	0.076063827	0.17367022	2317	1976	0.88212484	0.49941838	111875	0.47322175	0.37232047	0.56823182	8.9527559	8	9	5.1507936	40.190475	12	12.007936	42.087303	10.452381	0	-999	8.1251183	39.529133	0.26635432	28.031496	0.3896063	1974.8031	0.080874018	0.10614173	0.33881891	8.0976381	8.29E-07	184	111	90	113	23	74	41	87	40	104	3	97.058434	10.9
58	0.093134545	0.010491441	0.30351555	1754	1968	0.78950244	0.3488245	85990	0.73868293	0.54528648	0.75755817	4.2413793	8	9	5.7379313	31.910345	12.627586	7.6620688	28.448277	10.448276	0	-999	8.1215172	39.41724	0.24686897	27	0.37	1940	0.094737932	0.11	0.30448276	7.8910346	1.88E-06	323	61	118	96	30	48	45	68	37	88	3	101.72623	11.066667
59	0.084619679	0.028082574	0.10154361	2778	1975	0.86276627	0.48611486	124963	0.94485515	0.81011981	0.41604438	7.9016395	9	9	1.0437158	36.710384	7.4699454	4.2896175	22.661201	3.9836066	3.852459	-999	8.1533337	38.597267	0.28984699	27.535519	0.39874318	2602.1858	0.075540982	0.13765027	0.95715845	7.9404373	3.50492E-05	66.5	25.5	78.5	39.5	11.5	38	72	18	25	38	6	122.48712	11.5
60	0.07574974	0.040072389	0.22724922	1915	1964	0.80293041	0.38168499	100938	0.95675147	0.30304697	0.88006365	7.0091743	9	9	0.36697248	36.908257	6.8899083	4.93578	25.422018	2.4862385	5.0550461	-999	8.1606359	38.226364	0.30434546	27.972727	0.40863636	2485.4546	0.088827275	0.13972728	1.1354545	6.9190907	3.99545E-05	211	22	116	57	9	65	7	73	25	53	3	141.56194	11.55
61	0.21239607	0.024187453	0.25170067	2043	1969	0.84111649	0.44927537	118786	0.94462556	0.029520433	0.94662499	7	8	9	2.1772151	17.493671	6.2911391	4.278481	16.734177	5.835443	0	-999	8.1193752	39.497501	0.24438751	27	0.37	1479.25	0.10085	0.109	0.25975001	7.2662501	2.75E-07	178	45	106	69	23	26	77	57	29	64	9	93.100174	10.9
62	0.09309601	0.047357067	0.16558792	1932	2003	0.87001914	0.59623587	106547	0.58318573	0.77907628	0.89286482	6.4780703	8.1885967	8.9736843	11.40708	45.362831	18.517698	16.637169	46.730087	13.694691	1.1327434	-999	8.1721048	38.752632	0.33373684	29.649122	0.45820177	3145.614	0.068464912	0.14311403	1.2953948	13.104386	0.000203188	208.25	187.5	34	158.5	19	78.75	40.75	23.25	37.5	142.75	12	104.95184	11.225
63	0.11071474	0.001783667	0.10230602	2462	2004	0.9460609	0.65509611	131959	0.97947812	0.91113216	0.98271322	6.9605913	8	9	4.8916254	42.635468	12.950739	7.3990149	44.546799	7.0197043	4.1822662	-999	8.1901474	38.692646	0.38909313	32.200981	0.51323527	3321.5686	0.031955883	0.15093137	1.9264706	16.245098	5.01814E-05	212.375	190.25	89.875	172.125	45.75	86.875	64.25	32.5	57.875	156.875	24	103.18391	11.2
64	0.060725886	0.030362943	0.13853976	2214	1989	0.87621146	0.60440528	89961	0.99643284	0.9802385	0.53986508	8.3483143	8.9887638	9	2.1022727	30.28409	7.5227275	5.193182	21.897728	4.8295455	0.39772728	-999	8.1766291	38.279774	0.31157303	28	0.42359552	2430.3372	0.095438205	0.15337078	1.2280899	8.288764	0.000709573	137	62	33	63	22	78	10	16	35	59	9	138.37535	11.7
65	0.12040082	0.005793017	0.21277595	1815	1968	0.91996443	0.5040018	96729	0.95381778	0.94176942	0.95744324	8.3264246	9	9	9.9845362	37.139175	10.670103	13.324742	39.097939	9.9432993	0	-999	8.1770105	38.5	0.31055155	28.046392	0.42860824	3005.1545	0.10555155	0.15603092	1.1268041	10.379897	0.001314382	239	46	111	76	14	64	3	43	27	70	3	116.30595	11.475
66	0.50828731	0.022099448	0.24972376	2260	1978	0.89714283	0.44714287	64750	0.80228186	0.6944626	0.81509644	7	6	9	5.75	33	10.75	9	32	23.75	0	-999	7.8625002	33.474998	0.28325	28.25	0.48750001	2650	0.2375	5.1750002	0.205	5.7750001	4.2249999	343	264	114	241	145	288	36	54	172	232	9	58.59222	11.3
67	0.22039062	0.023293316	0.23042466	2296	1966	0.86314762	0.50024438	93664	0.94379914	0.92727178	0.95499825	6.7519379	4.0465117	7.0155039	10.221375	48.458015	7.1755724	14.969465	30.236641	20.114504	0	-999	8.0910683	35.915268	0.39922902	31.61832	0.52312976	4377.0991	0.32167938	5.5267177	1.527481	21.335878	0.38603052	229	26	111	61	21	125	2	63	48	59	3	98.912086	11.1
68	0.23726586	0.012487677	0.180907	2522	1993	0.89446187	0.67753398	119216	0.62901098	0.60297734	0.74211407	4	4	7	4.7063494	37.912697	7.5	5.3333335	15.444445	4.6666665	0	-999	8.0488892	35.561111	0.3796111	30.611111	0.50222224	3465.0793	0.24396825	5.5730157	0.93936509	16.690475	0.9197619	117	80	32	74	32	68	24	23	41	69	12	82.95739	11.2
69	0.49428174	0.035285912	0.14044631	2674	1996	0.89905858	0.50941426	95506	0.76198953	0.73316348	0.86058998	4.0833335	4.25	7.0833335	5.125	43.375	7.625	6.0416665	21.208334	7.4583335	0	-999	8.0725002	35.741665	0.38879168	30.958334	0.51291668	3733.3333	0.24166666	5.5583334	1.1833333	18.458334	0.67874998	114	60	31	59	42	78	16	27	49	57	3	86.668015	11.2
70	0.25126928	0.022990707	0.034294471	2628	2002	0.98088008	0.87515819	153611	0.94080096	0.70495886	0.9412356	5.8308458	5.8308458	7	6.4029851	41.975124	8.5273628	10.034826	23.422886	11.701492	0	-999	8.1967325	37.074257	0.47700495	34.955444	0.58366334	1198.5149	0.045702972	1.9990098	3.3113861	26.405941	0.10835094	197	256	58	211	60	117	109	33	80	194	12	94.018257	11.2
71	0.22368944	0.057783954	0.12817712	2415	1991	0.95115179	0.68026644	127917	0.87088519	0.70873481	0.87897164	5.0745034	5.0759077	7.0032897	6.2269735	47.575657	7.0822368	12.101974	26.18421	20.539474	0	-999	8.1942625	36.982952	0.46122295	34.599998	0.57803279	1216.3934	0.05180328	2.1445901	3.0632787	25.888525	0.17385596	430	383.5	105.5	331.5	120.5	261	144	62.5	160	309	6	95.685921	11.2
72	0.28163353	0.021396764	0.056478765	2768	2008	0.98664254	0.91081119	156364	0.80912369	0.76839232	0.75327432	5.6346154	5.8461537	7.4326925	5.4903846	35.307693	8.4807692	8.3557692	31.471153	1.2019231	10.413462	-999	8.2150002	37.963463	0.44266346	34.10577	0.56144232	1986.5385	0.023139423	0.4328846	3.2221153	20.634615	0.62355161	312	309	37	254	111	95	285	15	122	237	3	101.30356	11.3
73	0.26281646	0.043196201	0.36471519	1514	1972	0.74983484	0.37943184	66574	0.70659834	0.70265263	0.77958816	3	5	7	9.2631578	46.592106	14.822369	13.605263	46.769737	18.638159	0	-999	8.1423683	37.092106	0.45586184	34.13158	0.56111842	2044.079	0.38546053	2.2256579	1.3217105	22.677631	1.96776E-05	156	119	92	117	50	82	22	40	56	109	3	110.41004	10.933333
74	0.47422335	0.040806044	0.17665827	2541	1994	0.93865544	0.69537812	101150	0.86511433	0.49569979	0.87077677	4.7441859	3.496124	7	13.107693	46.984615	14.007692	16.938461	45.799999	25.684616	0	-999	8.1610765	37.689232	0.44426924	35	0.57499999	3862.3076	0.4823077	0.48761538	0.99030769	13.076923	4.29846E-05	232	220	98	196	61	134	56	49	80	181	6	101.4448	10.9
75	0.34382078	0.046312612	0.22048829	2142	1968	0.89279312	0.60559338	91364	0.73797756	0.72444469	0.75754774	5.3677421	6	7.9935484	7.1999998	31.651613	12.612904	7.270968	39.683872	10.193548	0	-999	8.0803871	36.721935	0.45547742	34	0.56335485	1526.4517	0.41419354	3.7729032	1.1250968	20.290323	5.97E-06	219	87	91	99	24	75	33	33	39	91	3	112.75458	10.95
76	0.34372914	0.038525682	0.23799199	1752	1968	0.89619809	0.54452229	79818	0.51650417	0.80348355	0.84639573	3.3496933	5.2208591	7.2208591	10.355828	41.361961	14.809816	9.8282213	42.306747	14.453988	0	-999	8.11411	36.915337	0.45828834	34	0.56	1795.7056	0.39110428	2.9723926	1.2742331	22.398773	1.29644E-05	131	50	84	64	17	17	32	21	19	58	3	104.59696	10.95
77	0.34620845	0.024708889	0.24027266	2864	1957	0.90231049	0.47750303	127198	0.5913648	0.36210001	0.45547384	5.560606	6	8	12.227273	43.18182	16.871212	12.356061	43.689392	8.537879	0	-999	8.0322723	36.493183	0.4473182	34	0.56	1274.2424	0.3815909	4.1356063	0.85939395	16.613636	6.68E-07	86.666664	53.333332	84.666664	62.666668	7.6666665	18.333334	48.333332	9.333333	14.666667	56.333332	9	122.4315	10.95
78	0.36639118	0.034607437	0.14566116	2070	1959	0.88958335	0.54444444	110982	0.6984421	0.54187185	0.55726862	7	6	8	11.015	37.095001	13.475	10.17	38.345001	4.9099998	0	-999	7.990149	36.271641	0.44	33.915424	0.55825871	1025.4229	0.28990051	4.2626867	0.64661694	14.253732	0	61	60	108	69	24	17	70	14	26	64	3	132.67	10.95
79	0.20773682	0.02269266	0.1120926	2332	1978	0.96217597	0.72588187	105339	0.26432335	0.85562652	0.24257681	3.9752066	6	7.0082645	15.756303	47.941177	17.294117	16.428572	47.218487	9.5966387	0	-999	7.9686775	36.385952	0.42484298	33.322315	0.55024791	1284.2975	0.29752067	3.1851239	0.43925619	11.201653	0	161	120	77	115	54	58	70	49	56	107	3	130.10414	10.84
80	0.24504843	0.018071419	0.24967471	2129	1971	0.8925367	0.65599513	97014	0.62406766	0.61507714	0.6230548	1.5515151	6	7	8.3915663	39.608433	8.8915663	15.801205	36.638554	9.5180721	0	-999	7.943593	36.433533	0.4106048	33.011974	0.54700601	1561.0779	0.29694611	2.5598803	0.30742514	9.1317368	0	19	38	30	35	5	5	12	19	6	31	3	139.57477	10.8
81	0.42056075	0.042757008	0.27406543	1910	1958	0.90405542	0.57500821	104146	0.89687473	0.89081639	0.94305831	7	5	7	13	45.654137	16.548872	15.210526	44.624062	19.112782	0	-999	8.0744448	37.00074	0.4338963	34	0.5557037	2197.0371	0.47096297	1.8511111	0.74762964	14.82963	6.07E-06	46	31	72	40	8	12	17	7	10	36	6	109.70685	10.733334
82	0.49425817	0.038585208	0.22255397	1511	1964	0.91580665	0.64041281	51397	0.91528553	0.90947479	0.94466364	6.757576	5	7	10.907692	49.046154	15.846154	18.569231	47.46154	28.6	0	-999	8.1480303	37.324242	0.44384849	34.348484	0.56181818	2527.2727	0.42757577	1.2460606	1.094394	17.621212	2.24697E-05	157	121	133	127	54	84	41	37	60	118	3	99.985832	10.866667
83	0.41056338	0.026619717	0.28830987	1741	1960	0.89245015	0.59377968	70625	0.46544898	0.36608863	0.48584053	6.9513512	4.967742	7	11.433155	44.925133	14.636364	15.636364	43.58289	27.893047	0	-999	8.1307487	37.450268	0.43641177	34.529411	0.56406415	3335.8289	0.51636362	0.82320857	0.81331551	13.229946	2.04652E-05	212	91.5	123.5	108.5	39.5	62	44	38	46	100.5	6	104.3881	10.85
84	0.55346364	0.027881576	0.1115263	1848	1960	0.95834833	0.64028126	104375	0.93471181	0.34080324	0.94047481	5.1689191	4.8753738	6.5938425	19.27928	44.572071	18.932432	23.09009	44.608109	14.355856	0	-999	8.0137672	37.182064	0.41252914	33.713005	0.55013454	3922.8699	0.45609865	0.67035872	0.27865469	7.3219733	1.54E-06	221.5	129	120.5	135.5	40	172	27	32.5	74.5	127.5	6	121.89161	10.58
85	0.49578744	0.041477639	0.18427306	2237	1961	0.92206627	0.62197673	105260	0.79361778	0.55625242	0.81301826	7	5	7	6.3705883	38.217648	12.2	10.511765	35.900002	15.217647	0	-999	8.0417643	37.067646	0.41822353	33.72353	0.55147058	2609.4119	0.49029413	1.1858823	0.42358825	9.9476471	2.03E-06	108	13	68	32	4	12	15	18	8	29	3	120.31004	10.675
86	0.36212325	0.026090868	0.17633829	2008	1963	0.96082413	0.66076612	112218	0.79309082	0.76706982	0.80024999	6.6577539	5.0427809	6.989305	5.0430107	40.994625	8.365591	13.172043	32.80645	8.4462366	0	-999	7.9091444	36.502674	0.39348662	32.941177	0.54021388	2370.5881	0.29663101	1.7417647	0.20465241	6.8695188	0	61	16	72	31	24	8	49	8	22	30	3	155.41888	10.666667
87	0.42347696	0.02798415	0.10624071	2321	1970	0.98923284	0.76514131	133589	0.77046883	0.79211438	0.78389156	6.7043476	5.7304349	7.3434782	8.434783	41.782608	12.495652	14.826087	38.33913	11.026087	0	-999	7.9487824	36.81739	0.39863479	33	0.54495651	3360.8696	0.34808695	1.0231304	0.22408696	6.4026089	0	58	92.666664	56	81.666664	20	7	64	8	20.666666	74	9	136.89592	10.55
88	0.34336355	0.014427041	0.064921685	2190	1959	0.93797994	0.59509748	116080	0.85606366	0.81047076	0.87190044	8	8	9	8.3416147	46.04348	10.434783	18.26087	46.683231	8.478261	0	-999	7.8474073	36.543209	0.36697531	32.469135	0.5343827	4159.8765	0.26611111	0.90271604	0.15351851	4.5351853	0	59.5	27.5	50	34.5	20.5	42	30.5	25	27.5	34	6	171.63614	10.55
89	0.43557951	0.091284819	0.1309973	1802	1970	0.93486857	0.62642473	91151	0.89021051	0.33944547	0.91130066	3	5	6	29.058823	48.07843	24.248365	35.758171	49.084969	14.601307	0	-999	7.8986926	37.081699	0.38966668	33.137257	0.54189545	5109.8037	0.28908497	0.30222222	0.14450981	3.3895426	9.32E-09	251	95	77	106	62	180	65	45	94	104	3	131.0811	10.375
90	0.51905626	0.002722323	0.20447671	1986	1962	0.8933059	0.59237897	111270	0.86045265	0.6011582	0.88116312	4.8857141	5.9428573	6.9428573	11.915094	44.382076	10.801887	17.665094	42.212265	7.4009433	0	-999	7.8383961	37.231606	0.38069811	32.948112	0.53825474	3728.7737	0.27339622	0.20580189	0.13089623	2.6353774	0	161	66	85	78.666664	96	63.333332	119.33334	29.333334	89	79.666664	9	116.864	10.333333
91	0.2926926	0.008339953	0.22200158	1865	1976	0.89704269	0.66593647	96600	0.51141274	0.32034752	0.89817166	7.6106195	7.8053098	8	9.2566376	47.716816	10.123894	16.955751	37.035397	8.4247789	0	-999	7.8094692	36.894691	0.36153096	32.353981	0.53159291	4193.8052	0.23513274	0.27522123	0.12663716	2.4743364	0	205	115	90	118	97	144	109	7	109	117	3	137.91182	10.3
92	0.61369729	0.075310752	0.16256398	2165	1977	0.95351106	0.6410923	120568	0.63068146	0.47238693	0.61627889	5.1790123	4.0370369	6.0246916	26.537037	45.76543	21.5	20.351852	48.666668	28.018518	0	-999	7.7412882	37.521473	0.35550919	33.441719	0.54417175	2541.1042	0.23276074	0.14699386	0.13110429	3.2417178	1.73E-09	183	257	160	231	96	63	173	20	94	213	3	86.419212	9.8666668
93	0.46442994	0.019415967	0.29652065	1781	1974	0.91678625	0.51834393	92105	0.62838978	0.5454073	0.62615001	5.9444447	4.0166669	7.9666667	22.430168	47.670391	17.424582	16.82123	46.949722	23.067039	0	-999	7.6809444	37.309444	0.33557221	33	0.5371111	1711.6666	0.23450001	0.14788888	0.11716667	3.5516667	0	250	118	140	134	49	77	43	49	56	124	6	91.046791	9.8000002
94	0.37313432	0.029631255	0.19117647	1714	1961	0.87735546	0.59725326	100815	0.89289731	0.83394176	0.90175921	6.8653846	7	8	7.909091	48.727272	16.584415	13.863636	45.902596	14.051948	0	-999	7.6385255	36.751282	0.30396155	31	0.50679487	1504.4872	0.30987179	0.19839744	0.10180128	2.2717948	0	67	80	102	83	48	31	168	43	55	79	3	120.08675	9.8000002
95	0.36163741	0.049824562	0.24701755	1702	1966	0.94735086	0.56547815	97438	0.81323546	0.44284943	0.84029126	7	7	8	9.0610685	48.129772	14.473283	14.374045	45.763359	12.312977	0	-999	7.7190075	36.990078	0.33900765	31.992367	0.52450383	1595.4198	0.26519084	0.19709924	0.1129771	2.5290077	0	98	32	97	51	50	30	132	37	52	51	3	115.35867	9.8999996
96	0.53148806	0	0.16683596	2410	1971	0.96149695	0.65527171	140357	0.81835675	0.41004926	0.8353163	8.986928	7	8	1.0588236	11.111111	5.1633987	1.9215686	14.784314	3.3267975	2.6143792	-999	7.4917645	36.835949	0.26249674	30.803921	0.49294117	1720.2615	0.23712419	0.13607843	0.092267975	2.6601307	0	15	14	60	23	7	6	46	8	10	21	3	104.1167	9.3666668
97	0.54352713	0.023289431	0.20077096	1866	1966	0.89103347	0.58465672	118295	0.44937962	0.36050364	0.45443216	7	6.5528846	8	6.405797	26.942028	7	8.623188	42.260868	9.7729473	0	-999	7.569952	37.13269	0.30079809	32.48077	0.52600962	1485.4327	0.23961538	0.13413462	0.10280289	3.6379807	0	65.5	28.5	89.5	44	8	14	76.5	13.5	16.5	40	6	90.095078	9.5333338
98	0.55315363	0.050356053	0.12334689	2141	1974	0.90552324	0.56686044	124219	0.61749703	0.47219464	0.66257626	7.6901407	7	8	2.1276596	20.843971	8.3546095	5.0496454	32.83688	5.326241	0	-999	7.4839163	37.029369	0.27115384	31.405594	0.50545454	2302.0979	0.21251749	0.12293706	0.095139861	3.244056	0	164.5	93.75	117	104.75	22.75	82.25	28.75	13.75	39.25	96.75	12	89.321152	9.3000002
99	0.70595157	0.009414929	0.1197041	2307	1963	0.9698059	0.70213276	123361	0.84901446	0.68934488	0.78718948	8.5665236	9.3519316	9.7467813	2.8922415	29.663794	10.913794	7.5603447	39.150864	5.4568968	0	-999	7.3625751	37.392273	0.23440772	31.090128	0.50103003	1809.8712	0.40433475	0.090304717	0.089030042	2.4609442	0	103.5	90.5	101.5	93.5	29.5	57.5	31	13	37.5	86.5	6	69.527878	8.4499998
100	0.62168676	0.009638554	0.14010327	2232	1958	0.92740703	0.58481914	120466	0.8370508	0.66635114	0.61322683	8.7641506	9	9	0.96713614	17.413145	8.5915489	5.7605634	22.652582	4.8873239	2.9061034	-999	7.4872899	37.768223	0.26553738	32.004673	0.52504671	2142.0562	0.42023364	0.10030374	0.10392991	2.271028	0	198	102	84	107	119	157	168	45	133	110	6	65.109383	8.8400002
101	0.61314476	0.002911814	0.11952302	1856	1963	0.91876167	0.61354667	140625	0.86240077	0.73553342	0.7902534	8.0966387	9	9	3.1541667	22.237499	8.0375004	4.5500002	16.620832	4.7416668	0	-999	7.5253334	38.169167	0.27184168	32.516666	0.53041667	1689.5834	0.32908332	0.10779167	0.11391667	1.1042917	2.20E-10	37	32	49	36	19	18	221	21	39	36	3	58.010044	8.7749996
102	0.75612217	0.004544307	0.049482454	2307	1967	0.9599191	0.71961761	144875	0.7996186	0.67439026	0.73174489	8.4143353	8.9947548	9.409091	3.2167833	14.741259	4.6958041	3.8391609	14.573426	2.7972028	1.3321679	-999	7.3783917	37.786366	0.23647203	31.297203	0.50877625	1045.3496	0.30975524	0.092818178	0.096188813	1.1603147	0	135	9	58	30	30	5	133	7	33	30	6	56.706291	7.9749999
103	0.84982383	0.010422783	0.057545509	2090	1962	0.98384953	0.80676419	155996	0.34408256	0.33388868	0.344814	8.9911509	9.4601774	10	18.632744	43.650444	9.5132742	17.376106	42.787609	9.5840712	0.11504425	-999	7.109602	36.660618	0.15871681	26.340708	0.39181417	1549.469	0.44172567	0.082783185	0.07268142	1.0930973	0	69.5	67	71.5	68.5	17	24.5	22.5	12	19.5	62	12	82.773796	7.1999998
104	0.67728949	0.005367327	0.11539752	2348	1976	0.9849295	0.69227028	152279	0.66184092	0.55988348	0.75964761	8.6736107	9.4652777	9.9722223	1.6111112	21.472221	8.3055553	5.7361112	35.208332	7.875	2.5416667	-999	7.3604169	37.126389	0.232375	30.180555	0.47736111	2634.7222	0.30472222	0.098111108	0.088097222	2.9416666	0	57	93	92	89	16	12	42	7	17	80	6	79.847763	8.8499994
105	0.73748106	0	0.046390634	2560	1969	0.98964626	0.80903077	166288	0.70471877	0.47027409	0.77475142	8.9972219	7.5939226	8.4751377	0.14917128	8.7016573	3.8618784	1.5911602	12.994475	3.4751382	7.4309392	-999	7.3886743	36.7663	0.22770718	29.165747	0.45475137	2496.9614	0.19237569	0.11812155	0.085602209	2.7011049	0	29	63	44	56	10	9	32	4	12	50	3	97.447556	9.0749998
106	0.74344718	0	0.045671169	2118	1967	0.98397791	0.79281765	237292	0.66996336	0.61630952	0.6816535	9	9.2956524	9.8608694	2.8173914	19.165216	4.9391303	4.7913041	24.52174	5.5391302	3.026087	-999	7.2231302	36.706085	0.18118261	26.773912	0.40000001	1617.3043	0.33347827	0.093886957	0.076886959	1.8826087	0	13	23	40	25	8	5	19	33	8	23	3	94.313377	8.3000002
107	0.46288013	0	0.055754323	404	1970	0.95852625	0.80591905	159211	0.72900522	0.6129849	0.73605162	9	8.4102564	9.4102564	1.9102564	7.7307692	2.5085471	2.094017	9.145299	6.0299144	2.8119657	-999	7.2638397	36.089031	0.15952742	25.565401	0.37717301	1285.5275	0.2871308	0.12442194	0.075632915	1.1745148	0	15	16	39	21	18	5	22	25	15	20	3	133.55583	8.3166666
108	0.62782955	0.000998668	0.057589881	2636	1968	0.9443925	0.80747664	175139	0.72302067	0.64360321	0.7225914	9	9	10	3.7363636	9.6454544	3.4181819	2.3090909	11.590909	4.9363637	0.10909091	-999	7.0888181	35.668182	0.11770637	24.181818	0.34627274	473.18182	0.37163636	0.1054	0.067690909	0.49027273	0.006272727	33	19	73	31	9	28	11	79	15	29	3	124.28114	6.4000001
109	0.5733912	0.006025548	0.075680889	3199	1960	0.97405332	0.68934083	149750	0.086163543	0.084800132	0.086250916	7.875	7.1624999	8.1625004	1.83125	18.237499	4.9875002	4.3625002	22.362499	6.2312498	3.29375	-999	7.4526248	36.30125	0.20496875	27.512501	0.4313125	1845	0.36700001	0.16868749	0.087993748	1.6224999	0	43	41	243	82	29	5	82	13	27	75	9	135.87656	9.3999996
110	0.54974288	0.02464976	0.026068453	2490	1971	0.9879061	0.85250175	230694	0.7906791	0.68562615	0.7938633	9	9	10	3.7103174	12.325397	4.1428571	2.7222223	11.388889	5.6666665	0.26190478	-999	7.1824903	35.354942	0.12069368	24.517786	0.36604744	774.3913	0.26774704	0.1312253	0.075316206	0.6470356	0.014072925	16	13	65	24	21	10	6	53	17	23	3	219.54741	7.875
111	0.28506666	0	0.049333334	2567	1968	0.93575525	0.78967494	175833	0.90199471	0.85960263	0.90717244	9	9	10	6.7288136	39.508476	10.248588	13.299435	37.101696	16.971752	0	-999	7.4603953	34.997173	0.18830508	26.305084	0.4237853	2868.9265	0.19429378	0.22988701	0.11101695	2.6293786	1.5017627	78	71	105	78	17	13	16	10	16	70	3	661.79108	10.066667
112	0.26812315	0	0.013240648	3500	1969	0.9926042	0.91573286	186653	0.84643567	0.57929379	0.8526535	9	9	10	2.5	26.162394	5.2606835	4.9145298	22.034187	8.2350426	1.2350427	-999	7.3673191	35.034893	0.15195319	25.948936	0.4121702	1864.6383	0.15617873	0.19187234	0.097680852	2.3570213	0.72468084	15	47	41	43	13	13	45	6	16	39	3	540.34161	9.0666666
113	0.36968181	0.00178763	0.029078774	2514	1973	0.9740082	0.79480165	158260	0.84923869	0.77599269	0.8619104	9	9	10	3.330909	12.756364	3.5999999	3.3345454	13.24	5.8945456	0.66545457	-999	7.3535872	34.574638	0.16406159	26	0.41952899	2020.5797	0.19528985	0.17402174	0.10123551	1.7887682	3.8289855	12.666667	10	31	14.666667	11	12.666667	18.666666	6	12	14	9	1438.678	9.0600004
114	0.13650411	0.009443682	0.037603021	2840	1973	0.98166394	0.87328953	160223	0.56461167	0.49946839	0.57616502	9	9	10	7.9512196	45.284554	10.333333	21.747967	46.585365	14.601626	0	-999	7.5989432	35.150406	0.22595935	27	0.43504065	3697.561	0.17780487	0.39219514	0.13292684	3.1439025	0.42524391	60	45	57	49	18	13	16	15	16	45	3	401.60513	10.433333
115	0.16535433	0	0.028770443	2734	1965	0.97666824	0.85300982	182981	0.93080038	0.8789432	0.93174791	9	9	10	4.5346537	47.198021	8.7029705	12.485148	43.683167	18.316832	0	-999	7.4595051	35.273266	0.17752475	26.039604	0.42108911	2678.2178	0.19881187	0.23940594	0.10782178	2.7138615	0.26430494	56	97	69	87	25	18	36	13	24	79	3	418.60245	10.15
116	0.20629239	0.004521477	0.010173324	3145	1967	0.97363311	0.86899805	181755	0.93220389	0.84390587	0.93266398	9	9	10	2.7704082	37.984695	8.0714283	6.75	33.158165	9.2959185	0	-999	7.4187818	35.354313	0.15973097	26	0.41700506	2827.4111	0.20233503	0.21532995	0.099335022	2.1898477	0.092883252	7.5	32.5	26.5	29.5	11	12.5	34	6.5	13.5	27.5	6	336.71851	9.7749996
117	0.24562515	0.000253614	0.027643926	2862	1974	0.98506069	0.80653596	122107	0.89614254	0.81899124	0.85384208	9	9	9	8.977376	48	12.280543	19.737556	46.787331	16.330317	0	-999	7.5802264	35.673756	0.21382806	27.257919	0.44076923	2335.7466	0.27244344	0.36814481	0.1202715	2.9081447	0.00011024	32.5	76.5	108	78.5	39	34	58.5	11	39.5	74	6	288.2485	10.375
118	0.32410422	0.006921824	0.055374593	2494	1966	0.95985401	0.75121653	125441	0.91866022	0.77133542	0.79445732	9	8	9	9.4516125	41.274193	13.225806	18.17742	43.387096	9.4516125	0	-999	7.638226	35.933872	0.24191935	28.129032	0.46193549	2493.5483	0.29790324	0.4569355	0.12467742	3.2145162	0	272	78	314	143	52	445	13	113	155	145	3	226.52499	10.3
119	0.24382314	0	0.036410924	2429	1968	0.97278595	0.80857933	148646	0.67450547	0.64083725	0.76132435	8.1999998	7.8533335	8.8533335	11.546667	46.733334	11.2	21.200001	46.853333	7.3066669	0	-999	7.8005333	36.186668	0.34017333	31.226667	0.51560003	3064	0.32120001	1.5034667	0.16106667	5.2533336	0	124	106	52	97	8	96	22	27	33	88	3	205.70808	10.7
120	0.34034133	0.022879051	0.11142716	2276	1964	0.97212607	0.74567318	146646	0.68462658	0.56332129	0.68736356	9	7	8	8.6271191	45.521187	12.699153	14.444915	41.542374	5.1737289	0	-999	7.8762026	36.018566	0.37822363	31.843882	0.52527428	1649.7891	0.23059072	2.9329114	0.24658228	7.6915612	0	60.333332	30.666666	36.333332	34.666668	5	44.333332	35	8.666667	18.666666	32.333332	9	162.55875	10.8
121	0.31024668	0.0056926	0.076850094	2290	1967	0.97511083	0.76031369	152250	0.75326449	0.69308752	0.76011902	9	8	7	6.4166665	42.953705	10.064815	9.8611107	38.26852	5.4722223	0	-999	7.7988887	35.628704	0.31495371	29.462963	0.48518518	2119.4443	0.19277778	2.312963	0.19888888	5.4833331	0.001797481	6	5	8	6	4	6	22	5	6	6	6	192.96628	10.8
122	0.54552621	0.009065826	0.017343318	2375	1960	0.97994578	0.86829269	175833	0.83426636	0.77361119	0.85049999	8.9439249	8	8.9626169	1.8971963	27.925234	6.3738317	6.4859815	23.233644	5.9345794	0	-999	7.6647663	35.03458	0.23893458	27.028038	0.43934581	2757.0093	0.25626168	0.80672896	0.14915888	3.293458	0.3006542	5	48	5	35	5	5	67	4	11	32	3	284.00919	10.6
123	0.45847362	0.004769921	0.073793493	2445	1957	0.95451725	0.75749433	163542	0.76753074	0.67035198	0.78681761	8.9864254	7.0045247	8.9909506	4.6289592	32.678734	9.0271492	6.1357465	31.859728	5.5067873	2.6244345	-999	7.7285519	34.657917	0.25238913	27.660633	0.45090497	1931.6742	0.35900453	2.1577828	0.1622172	3.7122171	0.86303169	102	82	72	82	18	41	54	36	28	75	3	157.21652	10.616667
124	0.46703047	0	0.10898893	2215	1968	0.95658952	0.7143811	135000	0.59230453	0.25917414	0.5959692	8.9203978	7	8.1386137	12.890547	44.592041	15.925373	14.21393	45.910446	12.014925	0	-999	7.7911882	35.017326	0.28131187	28.346535	0.46584159	1828.2178	0.32470298	2.8787129	0.20430693	5.5698018	0.26803812	11	39.5	47	38	22	5	85	7.5	24	36.5	6	151.05362	10.7
125	0.24387617	0.003633917	0.086675636	1996	1975	0.96185869	0.82652467	127905	0.90116847	0.41529921	0.90463662	7.9658117	7.7393165	7	6.4913793	37.931034	11.172414	10.206897	41.862068	10.370689	0	-999	7.8258972	35.441025	0.31400853	29.376068	0.48333332	1743.5897	0.15393162	3.0581198	0.22717948	6.6008549	0.004327171	15	35	19	30	11	5	33	9	11	27	3	177.07608	10.8
126	0.17011468	0.015066337	0.18506859	2059	1975	0.92249125	0.68219888	110401	0.93947482	0.89417148	0.94100386	5.5486727	7	7.5486727	9.2654867	46.097343	14.964602	14.168141	47.424778	9.929204	0	-999	7.881062	35.578762	0.35872567	30.787611	0.5104425	1661.9469	0.13106194	4.0805311	0.3021239	8.8292036	0.021730797	83	98	93	96	42	10	61	15	35	88	3	155.46156	10.825
127	0.33826247	0.013863216	0.12957487	2024	1973	0.92405063	0.6429863	88375	0.80972904	0.76056492	0.79602665	6.8990827	7	8	6.5779815	38.018349	12.770642	9.394495	37.862385	6.3761468	0	-999	7.951273	35.984547	0.42426363	33.027271	0.54827273	1100.0909	0.18345454	4.4636364	0.49454546	12.381818	0.000292727	24	14	51	22	17	9	84	17	21	22	3	144.45137	10.925
128	0.38283658	0	0.20375128	1748	1955	0.90928572	0.67500001	129813	0.88216108	0.79141641	0.88142574	6.8195491	7	9	23.360903	45.578949	14.654136	17.421053	47.962406	12.69173	0	-999	7.8550377	34.987217	0.32522556	29.518797	0.49473685	2240.6016	0.27766916	4.2511277	0.29601502	7.7654138	0.43300751	78	69	107	77	18	47	43	32	28	71	3	110.57397	10.833333
129	0.26626226	0.015100671	0.12635519	2293	1977	0.89502764	0.73083562	127125	0.94739521	0.9286902	0.94854516	5.581152	7	7.4607329	15.031414	43.47644	12.455498	13.890053	43.39267	8.2931938	0	-999	7.9300523	35.710472	0.40082723	32.104713	0.53513092	1537.5393	0.15947644	5.0586386	0.44062826	11.689528	0.065582618	71	47	61	52.5	22	37.5	34.5	19	27	49.5	6	131.95168	10.92
130	0.26210618	0.027712952	0.2289965	2281	1990	0.91865641	0.72015381	112031	0.79659927	0.74818361	0.81462038	4.212121	4.5333333	7.1151514	17.682926	46.115852	12.560976	16.871952	44.835365	17.987804	0	-999	7.9931927	35.592167	0.40789759	31.855421	0.53379518	3187.9519	0.32150602	6.2518072	0.80867469	15.740964	0.44222891	368	232	169	231	97	250	54	81	134	219	6	113.57766	11
131	0.26210934	0.018304072	0.45859793	1750	1964	0.80267823	0.46455297	74286	0.47966948	0.44576117	0.53937185	4.9380531	4	7	5.977778	45.400002	11.271111	9.4888887	24.613333	10.475555	0	-999	8.0166368	35.53009	0.40566814	31.553097	0.52508849	3520.354	0.30637169	6.1995573	0.78969026	15.893806	0.81951326	203	38	110	67	19	47	18	19	27	62	3	91.942062	11.075
132	0.3699227	0.01813071	0.16078708	2352	1975	0.97527474	0.73333335	111843	0.83081257	0.78719336	0.82011509	8.2956524	7	9	6.2869563	48.060871	13.408695	11.982609	44.469566	6.7130437	0	-999	7.7760868	34.485218	0.2749913	28.208696	0.47191304	2592.1738	0.21652174	3.48	0.18069565	4.8034782	1.1458261	137	168	65	145	85	63	139	52	84	137	6	99.947044	10.7
133	0.40280211	0.009194396	0.19461471	1872	1972	0.92663288	0.64688337	104898	0.90804154	0.89250433	0.88997787	7.8346457	6	9	9.338583	42.503937	8.8976374	13	33.070866	15.244095	0	-999	7.8691339	34.241734	0.31802362	29	0.50338584	3640.1575	0.12661417	5.985827	0.20362204	5.6913385	1.1403149	137.5	150	72	133	71	38	100	15	64	124.5	6	77.551521	11.125
134	0.46601537	0.004364997	0.13884847	2628	1986	0.98793691	0.83575624	157212	0.83459038	0.83340728	0.78984678	7.9927006	6.0218978	9	14.044118	46.007355	10.375	18.941177	43.39706	14.889706	0	-999	7.837883	34.350365	0.30563504	28.985401	0.49576643	3305.8394	0.14562044	5.1197081	0.20087591	5.8613138	1.0445986	42	248	56	191	102	4	195	6	83	177	21	80.637589	10.95
135	0.57710654	0.00854531	0.084062003	2342	1974	0.97317725	0.80370641	123875	0.85456705	0.83219755	0.89493859	7.1290321	6	9	11.258064	40.709679	9.8387098	15.473118	41.225807	20.806452	0	-999	7.8323655	33.987095	0.29059139	28.247313	0.49096775	3002.1506	0.22075269	5.6817203	0.18150538	4.9892473	3.7580645	72.333336	145.33333	71	124	62.333332	19.666666	125.66666	17.333334	56.333332	115	9	81.298653	10.95
136	0.42126834	0.021354616	0.16997412	1915	1967	0.93857908	0.66685534	129167	0.6819756	0.6427446	0.76359671	6.2907801	6	9	7.3829789	40.97163	9.5744677	9.4680853	38.950356	18.893618	0	-999	7.8060994	33.621277	0.26628369	28	0.47858155	2329.7874	0.22886525	5.3297873	0.16822696	4.7063828	5.970922	41	68	66	65	38	6	96	22	35	61	6	77.35939	11.1
137	0.60619467	0.011209439	0.12566371	2036	1972.2709	0.94083577	0.68928427	118750	0.94987857	0.60389948	0.84888357	7.0683761	6.1016951	9.0338984	10.252101	45.882355	11.84874	11.588235	46.705883	21.067226	0	-999	7.7789078	33.308403	0.25183192	27.411764	0.46899161	1983.1932	0.24605042	3.894958	0.17436975	5.1571426	4.3655462	33	66	65	63	57	12	120	53	51	61	9	72.804771	11
138	0.31807125	0.01445128	0.29632279	2209	1980	0.84873074	0.6826883	121161	0.91508746	0.8790952	0.89445019	7.5813951	7.8372092	9	13.151163	47.720932	17.89535	14.127907	48.337208	12.116279	0	-999	7.7423258	33.326744	0.24118605	27	0.46081394	1840.6976	0.26662791	3.5127907	0.16093023	4.7255812	4.4651165	69.666664	67.333336	40.333332	62	25.666666	17.666666	85.666664	24.666666	29.333334	57.666668	9	82.434372	10.925
139	0.36491936	0.023643695	0.33651027	1921	1967	0.86062109	0.58931679	94750	0.79110265	0.7643258	0.90537769	6.6056337	7	9	18.797203	47.601398	15.545455	24.440559	49.139858	23.503496	0	-999	7.7525177	33.616085	0.24826573	27.335665	0.4695105	2139.1609	0.29090908	4.2881117	0.15300699	4.3265734	6.397203	105.33334	91	90	92.333336	62	38.333332	80	57	57.333332	88	9	86.460625	10.866667
140	0.53887206	0	0.094289273	1563	1960	0.95811009	0.79980516	129063	0.78248024	0.68576115	0.90452689	7.9629631	8.4444447	9	8.9375	41.46875	11.401042	16.739584	46.208332	12.234375	2.4583333	-999	7.6778126	33.663021	0.22673959	27	0.45609376	1515.5729	0.4441146	2.8854167	0.13645834	3.2651041	7.0239582	88.5	82	63	79	61.5	56.5	111	42.5	64.5	77	6	104.29546	10.6
141	0.500974	0.04707792	0.083766237	1923	1959	0.95382464	0.76585823	166319	0.75604415	0.67752123	0.7907995	7	7	9	3.0520833	39.833332	12.302083	9.333333	41.885418	8.75	1.8125	-999	7.694375	33.960415	0.23410417	27.03125	0.45854166	2237.5	0.42489582	2.6583333	0.1425	3.0572917	6.2135415	8	46	36	41	22	4	132	62	29	39	6	109.3393	10.6
142	0.63289815	0	0.049086161	2696	1961	0.98460352	0.82294071	166184	0.8234089	0.57318878	0.84601253	8.666667	9.5	9	2.0416667	17.583334	8.1388893	5.8611112	27.083334	3.0555556	3.2638888	-999	7.6091666	33.858334	0.206625	26.819445	0.43638888	623.19446	0.53930557	1.4486111	0.12152778	1.6152778	7.2249999	8	108	11	79	37	3	173	6	41	74	3	151.6879	10.3
143	0.57985729	0.006586169	0.063940726	2925	1958	0.96475095	0.88045979	212669	0.13653281	0.12611847	0.97638339	9	8	9	0	7.031496	4.2834644	2.5905511	9.8818893	3.031496	10.173228	-999	7.5385828	34.375591	0.19188976	26.188976	0.41866142	2095.8267	0.42362204	0.34716535	0.11889764	1.3625984	3.7039371	18	15	25.5	17	5.5	5	21.5	3.5	6.5	16	6	352.86172	10.266666
144	0.65777338	0	0.03886693	3500	1965	1	0.83615023	163542	0.82026172	0.77527207	0.8916592	9	8	9	0	4.2333331	3.2666667	2.2916667	5.0250001	1.9583334	7.5	-999	7.4457026	34.201653	0.17317355	26	0.40933883	1801.9835	0.38016528	0.20710744	0.10867769	1.0441322	5.442975	9	25	19	23	3	3	47	6	8	21	3	594.30682	10.033333
145	0.65457308	0	0.04627417	3203	1957	0.99286872	0.89562398	250000	0.92743349	0.26131371	0.94051462	8.95082	9.902174	9	6.1530056	34.185791	9.0546446	10.79235	33.797813	10.934426	1.8907104	-999	7.5840759	33.57011	0.20408696	26.413044	0.43831521	591.41302	0.53782606	1.3922826	0.11711957	1.8847826	5.6951089	15.5	18.5	35	21.5	5.5	4.5	32	4	7.5	19.5	6	154.37224	10.2
146	0.66061032	0.003028185	0.034707665	2861	1966	0.98486376	0.84527415	187109	0.84357589	0.57895893	0.8649587	9	9.0055552	9	8.1731844	40.653633	7.9664803	10.251396	43.743015	11.977654	0.055865921	-999	7.5647779	33.325001	0.20161666	26.144444	0.43566668	557.22223	0.4765	1.2244444	0.11627778	2.3361111	2.8583889	18	55	205	82	13	13	34	14	15	73	3	141.18452	10.233334
147	0.58371735	0.006144393	0.043932412	2435	1961	0.99553972	0.87912577	237961	0.7768389	0.6980176	0.79742068	8.9699249	8.9699249	9	8.090909	46.121212	11.310606	13.159091	44.848484	10.068182	0	-999	7.6799998	33.322556	0.22593985	26.947369	0.45172933	1662.7068	0.31015038	2.7045112	0.14308271	4.1398497	3.8578947	42.666668	70.666664	63.333332	66.666664	13.666667	14	38	13.333333	16.333334	60	9	100.10925	10.633333
148	0.62664473	0.001027961	0.026932565	2993	1964	0.97475332	0.84706908	194464	0.5889383	0.51711732	0.60123158	8.217391	9	9	6.8322983	38.795033	9.5403728	9.26087	39.52795	8.1118011	0.59006214	-999	7.621242	33.057762	0.21136025	26.403727	0.43937889	1153.4161	0.36881986	1.6066459	0.14273292	4.3130436	0.89919257	24.5	53	96	59	5	15	26	3.5	9.5	53	6	101.55346	10.533333
149	0.45247656	0.031746034	0.092560716	1972	1972	0.94547874	0.80212766	115000	0.51718074	0.79270464	0.90272778	7.2758622	8	10	11.623932	45.282051	10.837606	12.145299	41.555557	12.059829	0	-999	7.7189746	32.71624	0.23059829	26.991453	0.44854701	1417.094	0.4274359	1.6905982	0.20717949	6.8393164	0.15713163	117	171	177	168	47	159	22	44	75	156	3	78.971603	11.233334
150	0.53889745	0.023699123	0.07470376	1952	1970.1295	0.98287416	0.8629933	194500	0.95024526	0.72997546	0.94852877	9	8.8656721	10	8.8955221	44.925373	9.1343279	9.7164183	42.686565	19.223881	0	-999	7.7652941	33.004414	0.24619117	27.147058	0.46117648	1704.4117	0.34411764	2.4705882	0.19808823	5.9470587	1.1233823	13	61.666668	16.666666	48.333332	10.333333	6.6666665	52.666668	7.6666665	13.666667	43.333332	9	72.101418	11.2
151	0.53340697	0.006073992	0.043254189	2453	1956	0.99436092	0.8727175	131538	0.90898991	0.91484743	0.95874715	9	8.5135136	10	12.293478	45.347828	12.423913	16.934782	47.02174	9.027174	0	-999	7.7656217	32.564865	0.24376757	27.027027	0.45183784	1648.1082	0.53405404	1.3745946	0.26767567	7.4529729	0.007266487	8	34	60	37	4	7	28	3	7	33	3	71.778847	11.466666
152	0.66326123	0.021233974	0.030248398	3312	1946	0.99425811	0.9114536	245380	0.67015988	0.32083547	0.7173084	7.7704082	8	10	19.435898	45.348717	12.128205	27.153847	48.302563	22.702564	0	-999	7.809391	31.976143	0.27189848	27.538071	0.45137057	3252.2842	0.46984771	0.30197969	0.3232995	9.4771576	0.006957868	16.5	48.25	40.25	43.5	18.75	16.25	53.25	43.25	21.75	40.75	12	69.259155	11.425
153	0.70435685	0.031639006	0.076763488	2513	1966	0.97430629	0.85131896	99605	0.59689897	0.3513554	0.56026679	7.4660196	8	10	23.766991	46.669903	16.533981	38.417477	49.262135	28.815535	0	-999	7.7526212	31.93301	0.24679612	27	0.43815535	1522.3301	0.51271844	0.39485437	0.26135921	9.5650482	0.00244466	128	234	135	204	49	111	51	29	66	186	3	75.471291	11.2
154	0.62452292	0.003816794	0.082776718	2108	1969	0.97920275	0.76545352	93792	0.91893142	0.83593708	0.92062169	7	8	10	28.633028	47.752293	17.128441	43.825687	49.449543	29.651377	0	-999	7.7398167	31.720184	0.25086239	26.972477	0.43220183	1266.0551	0.46926606	0.2859633	0.23366973	10.678899	0.002331193	106.5	219.5	120	189.5	34	116	58	13	58.5	172.5	6	74.686432	11.2
155	0.62068117	0.010612044	0.073667325	2304	1964	0.97771376	0.89356387	154917	0.88500345	0.26741037	0.91212738	7.7092199	8.0053196	10	12.175628	40.756271	9.5161295	17.154121	36.111111	9.9820786	0.19354838	-999	7.631454	32.028725	0.20534752	25.914894	0.41549647	925.31915	0.3140071	0.8960638	0.19414894	9.5078011	0.002067589	75	121	125	118	14	62	45	10	30	106	3	83.11058	10.9
156	0.60579902	0.011066844	0.054227535	2373	1969	0.96724761	0.88701922	249750	0.38257805	0.30551156	0.39328954	8.8888893	8.5925922	9.5185184	3.0370371	21.518518	6.814815	5.9259257	23.148148	8.0370369	2.8888888	-999	7.5607409	32.959259	0.19722222	26	0.42740741	832.59259	0.38814816	1.122963	0.13444445	4.2959261	0.6105926	8	24	117	41	6	3	20	5	6	36	6	152.4137	9.9666672
157	0.61796075	0	0.017918089	2294	1971	0.97727913	0.87124825	236563	0.76345718	0.58252668	0.78387511	9	9.6842108	9.0526314	0	1.2105263	0	0.57894737	1.2631578	1.8421053	3.1052632	-999	7.3068423	33.278946	0.14836842	24.68421	0.3805263	977.89471	0.30526316	0.1731579	0.093999997	0.90315789	4.686842	29	15	89	31	18	7	19	13	15	29	3	328.62088	7.5
158	0.45101434	0.020534389	0.069520041	3500	1967	0.94043189	0.72784811	147241	0.76482046	0.61399502	0.76222634	8.4312496	7.5776396	9	0.29192546	10.714286	4.5838509	4.1242237	10.981366	2.8385093	5.1801243	-999	7.3568325	39.102486	0.24442236	32.124222	0.52739131	408.26086	0.051639751	0.13298136	0.10409938	0.94509315	0	9	13	16	13	12	6	162	11	25	15	6	42.204849	8.5
159	0.40044084	0.026451139	0.047575314	2804	1979	0.984698	0.82147652	177778	0.71037799	0.93673366	0.94206989	8	8	9	0	3.6273584	0.21698113	0.74528301	4.1745281	0.3726415	5.1933961	-999	7.2770281	39.182549	0.22845283	31.146227	0.50273585	255.47169	0.027995283	0.1553302	0.11698113	2.1674528	0	42	32	15	30	41	29	81	31	41	31	9	36.643131	8
160	0.62230456	0.004380054	0.08153639	3004	1975	0.98359877	0.7119087	155556	0.86418432	0.52759141	0.86473018	8.1221724	6	9	1.3619909	14.728507	5.3303165	4.5158372	14.579185	6.3574662	2.7647059	-999	7.4329863	38.866516	0.25690499	32.32579	0.53371042	560.04523	0.057162896	0.1138914	0.10665158	0.43117648	0	28.5	27	38.5	29.5	26.5	7.5	213	11	39.5	30.5	6	45.198956	8.6000004
161	0.39051604	0.057461645	0.40474197	1414	1972	0.8391577	0.39023298	66667	0.53539616	0.49067205	0.53970009	6.6296296	6.1481481	9	6.935185	46.240742	14.101851	13.12963	44.037037	14.157408	0	-999	7.5795369	38.888889	0.30030555	33.48148	0.55166668	1749.0741	0.088231482	0.12407407	0.13064815	0.41287038	3.45E-08	313	44	51	69	62	72	67	21	65	69	3	53.136585	9
162	0.52006692	0.012959866	0.16513377	1491	1971	0.91909486	0.61035335	124922	0.96653581	0.92508787	0.96049434	8.3186817	8	9	3.8296704	26.71978	7.5439563	5.9230771	18.456043	6.3846154	0	-999	7.5153551	38.457378	0.2721366	32.68306	0.53540981	1188.0328	0.17710383	0.10797814	0.11420765	0.45453551	3.98E-10	60	23	59	33	40	7	208	7	47	35	3	53.178783	8.6999998
163	0.12155052	0.044239234	0.48040375	1977	1975	0.80515432	0.29661852	78324	0.63830143	0.53083187	0.61206204	2.3914728	3.9941862	5.6976743	1.5482626	14.034749	4.7567568	3.2779922	8.552124	1.1930501	6.2972975	-999	7.7009654	40.562935	0.32800773	32.212357	0.48463321	1256.3706	0.13570656	0.19509652	0.16081081	1.4532819	1.69649E-05	454	71	129	116	132	127	123	190	130	118	3	51.13715	9.5333338
164	0.26875642	0.044535801	0.28879753	1769	1980	0.87222368	0.41886595	69618	0.84765744	0.85650456	0.79332089	4.4050632	4.8227849	6.2151899	3.5063291	42.481014	12.392406	9.6582279	33.607594	3.670886	2.7468355	-999	7.6186075	40.502533	0.31762025	32	0.48189873	1672.1519	0.048810128	0.23329113	0.14164557	1.7151898	7.25E-07	244	5	78	41	74	50	24	71	62	44	3	43.096851	9.5
165	0.24983367	0.10362608	0.44078511	1924	1975.12	0.80411851	0.39779004	75307	0.34471372	0.85571384	0.32267255	2.8549223	8	6	2.6410255	44.102566	13.348718	8.4051285	41.635899	5.1999998	0.70256412	-999	7.6197948	40.231796	0.32680511	32.451283	0.49784616	1772.3077	0.047615383	0.20466666	0.14	1.5446154	4.56E-07	70	13	37	23	27	15	27	20	24	23	3	43.871166	9.3999996
166	0.4571664	0.018121911	0.2940692	2197	1968	0.87592065	0.42946175	118377	0.64450765	0.64747757	0.63433582	3.1156716	7.3768659	6	1.7472119	41.148701	10.446096	9.5910778	40.877323	7.4237919	0.74721187	-999	7.574275	40.319702	0.31183642	32.092937	0.48650557	1875.8364	0.043260224	0.24925651	0.14286245	2.0446095	0	90	17.5	81	36.5	54.5	9	115.5	11	47.5	37.5	6	41.452999	9.375
167	0.50941283	0.014567459	0.23644106	2573	1972	0.9402985	0.56240076	115526	0.87569261	0.871409	0.82727629	7	7	9	0	13.55814	1.6686046	3.2267442	9.9709301	2.7441862	6.3662791	-999	7.4913955	40.329071	0.28623837	31.10465	0.47313952	1425.1163	0.024453489	0.34610465	0.16604652	2.9732559	0	23	26	91	39	48	8	116	39	44	39	3	38.733547	9.1500006
168	0.41603261	0.026630435	0.32336956	2305.7512	1974	0.91056573	0.48960066	116581	0.8691473	0.85197127	0.8176164	5	7	9	2.98	25.040001	4.0599999	5.1133332	23.186666	4.9133334	0	-999	7.4263334	40.857334	0.28027999	31	0.46000001	845.93335	0.02196	0.88606668	0.28726667	2.5873334	0	441	207	129	212	223	268	229	168	235	215	3	35.865639	9.1999998
169	0.39861718	0.048399217	0.36043891	2030	1975	0.95679015	0.50251484	116790	0.99157131	0.99100393	0.98223948	6.9915967	7	8.4075632	1.9327731	24.021008	2.6890757	5.2352943	20.273109	5.6302519	4.5168066	-999	7.4822268	40.559666	0.28419328	31.008404	0.46701682	1475.7983	0.016836135	0.48584035	0.19331932	3.2432773	0	275	131	92	136	138	210	99	100	153	138	12	37.843468	9.25
170	0.1025641	0.040540539	0.42238393	1479	1971	0.73474407	0.31200787	71974	0.72968513	0.71827549	0.71839356	1.8275862	4	6	1.5172414	19.505747	7.5402298	2.5747128	10.402299	0.81609195	5.0459771	-999	7.6627274	40.569317	0.32292044	32	0.4815909	1288.6364	0.085886367	0.20670454	0.14954546	1.4920454	7.82E-06	446	17	135	79	120	217	20	208	138	86	9	47.109413	9.6000004
171	0.47541544	0.031523041	0.25715265	2623	1968	0.94048882	0.50850159	119444	0.70145756	0.73945254	0.38877714	5.9225941	7.2133889	8.7375002	0.55186725	27.643154	5.5311203	4.8423238	24.975103	3.5311203	3.5975103	-999	7.5429873	39.836514	0.3136141	32.946056	0.52651453	1472.9045	0.050576765	0.18775934	0.12912863	1.4912863	0	17	46	72.5	49	64.5	10	278.5	9.5	70.5	52	6	42.539948	9.1499996
172	0.46480814	0.012046119	0.2789537	2050	1969	0.86100769	0.45246959	123355	0.56761444	0.56729567	0.52393585	5.3239436	6.5817757	6.738318	1.5680751	30.286385	8.2206573	6.9718308	28.774649	5.4647889	2.4131455	-999	7.5536914	39.651871	0.32002336	33.789719	0.54962617	1694.2991	0.043789718	0.16303739	0.12719627	1.1557477	0	133.66667	50.666668	69.666664	61.666668	67	19.333334	161.66667	7.6666665	63	62	9	43.810345	9.0999994
173	0.49381867	0.013049451	0.23397435	2234	1990	0.93274945	0.56646854	87437	0.031736266	0.97734469	0.9804467	5	6	5	6.9074073	47.925926	14.851851	14.685185	46.472221	14.648149	0	-999	7.5612965	39.30648	0.31410185	34	0.55990744	2150.926	0.034944445	0.13462964	0.13287038	0.5225926	7.56E-08	112	91	57	86	35	75	34	25	45	81	3	47.788452	9
174	0.59426779	0.004030452	0.25705329	2275	1981	0.94656658	0.58666372	106887	0.94302011	0.062874019	0.91613233	5.0487804	3.6390245	7.9514565	0.46601942	9.8980579	2.9320388	2.0970874	12.796117	1.8203883	3.2330098	-999	6.6216021	40.641262	0.17009224	28.320389	0.44902912	307.42719	0.055820387	0.053796116	0.20116505	0.41524273	0	76	60	32	56	56	11	58	23	44	54	3	10.418961	8.3999996
175	0.53368062	0.020007104	0.26766899	3014	1985	0.91786987	0.61635101	153929	0.80409092	0.47581854	0.80699903	5.9525423	5.5912161	7.1554055	1.2094594	8.2128382	4.2567568	1.8648648	8.3175678	2.1452703	0.29391891	-999	6.7130742	42.100677	0.15754054	27	0.39402026	282.37161	0.04016554	0.062189188	0.38902026	1.1720946	0	24	33	46	35	14	4	38	4	14	32	6	17.835253	6.9666667
176	0.32135546	0.007277689	0.48328406	1420	1995	0.88846737	0.3668437	57276	0.7005015	0.22404902	0.54335088	3.8910892	5.8118811	7.8613863	12.227723	44.306931	11.287128	8.1584158	40.10891	6.5346537	0	-999	6.6711884	41.162376	0.16932674	28	0.43168318	1042.0792	0.068287127	0.059366338	0.38168317	1.170198	0	167	86	65	89	60	84	15	31	62	85	9	12.212455	8.6999998
177	0.48934254	0.024617232	0.337136	2254	1989	0.92652327	0.50313622	115054	0.71092296	0.77606416	0.88842016	3	6	8	12.135339	44.240601	11.481203	8.8496237	40.714287	9.6466169	0	-999	6.7055969	41.241791	0.17092538	27.97015	0.42641792	971.41791	0.080619402	0.062970147	0.5477612	1.6776119	0	69	35	49	41	15	28	5	8	17	38	3	14.625245	8.8000002
178	0.33055133	0.022255944	0.54375315	1558	1981	0.82836711	0.37385777	77500	0.57298911	0.35145715	0.49137533	4.0545454	4.4272728	7.681818	9.7545452	42.427273	11.181818	8.6454544	41.172726	6.6545453	0.018181818	-999	6.6837273	40.941818	0.17230909	28.172728	0.43963635	805.09088	0.11484545	0.061236363	0.4029091	1.2263637	0	271.5	76.5	84	95	86.5	113	18	48	86.5	94	12	11.972877	8.8000002
179	0.43815988	0.009351433	0.45067874	1355	1980	0.84613538	0.39534324	80929	0.78770816	0.27189755	0.76683795	2.0927835	4.5567012	7.525773	10.835052	40.829895	8.381443	6.7319589	35.087627	8.6288662	0	-999	6.7219586	40.976803	0.17568557	28.695877	0.44051546	626.85565	0.15268041	0.065881446	0.5956701	1.7783505	0	251	42	72	67	22	84	9	15	38	63	3	16.545141	8.6500006
180	0.54419619	0.015040872	0.29841962	3304	1992	0.95870924	0.56835532	141931	0.35588011	0.31834891	0.34697106	6.8380952	5.5746031	6.9936709	0.77070063	6.7707005	1.5477707	1.2898089	6.0828028	0.82802546	3.3949044	-999	6.3557911	38.773735	0.2050886	28	0.57370251	138.45158	0.043072786	0.040598102	0.17825949	0.309019	0	83	68	56	67	49	10	121	30	45	64	6	1.187341	8.3500004
181	0.25150141	0.015810762	0.64468688	1709	1991	0.79983646	0.29298711	79635	0.99606156	0.9957521	0.99599254	5.9326925	5	7	3.4114833	30.22488	7.0382776	4.3588519	29.602871	4.9952154	2.9521532	-999	6.319952	38.789474	0.22391388	28	0.58062202	440	0.069866031	0.041210525	0.21215311	0.52373207	0	220	35	65	57	32	30	51	20	33	54	3	1.2003113	9
182	0.27472398	0.003324231	0.69262731	1654	1974	0.72566044	0.29909477	73466	0.56478614	0.55123949	0.56180322	3	5.7319393	5	11.098113	42.237736	14.667925	9.3358488	44.264153	11.509434	0	-999	6.2557359	38.573963	0.23653962	28	0.59011322	866.56604	0.21966037	0.04366415	0.41505662	1.3289057	0	128	52	102	68	51	106	56	32	66	68	3	1.7420517	9.1750002
183	0.31749657	0.02284148	0.58245772	1568	1987	0.83003241	0.33201295	100625	0.85211891	0.82760864	0.84676659	4.43787	6	5	2.0769231	22.218935	5.822485	4.0532546	24.343195	4.7869821	1.1538461	-999	6.2369823	38.433136	0.23501775	28	0.59118342	710.82843	0.12736763	0.045349114	0.5410651	1.3514793	0	148	106	76	104	58	20	77	6	49	97	3	2.4893987	8.6999998
184	0.41135693	0.01902655	0.46887904	1569	1984	0.89229459	0.43720731	88596	0.74468201	0.688362	0.73225629	4.2777777	5.7129631	5	3.5555556	29.282408	6.2314816	4.7314816	23.671297	3.6342592	0.33333334	-999	6.2620835	38.31065	0.21983333	28	0.59013891	354.7037	0.079966851	0.04386111	0.29296297	0.71499997	0	215	137	110	138	108	130	113	66	114	135	3	2.0430493	8.6000004